-14.3887,-17.8666,43,0.031789
-20.2816,-22.655,34.9199,0.0519884
-20.353,-22.714,34.8627,0.0363575
-20.4523,-22.7856,34.8238,0.043347
-20.5306,-22.8725,34.7484,0.0357542
-20.5996,-22.9353,34.7,0.0245144
-30.6459,-21.3074,33.7004,3.02338e-26
-29.499,-21.4933,33.8145,1.75189e-25
-17.1573,-20.1051,39.2,7.34713e-26
-17.5948,-12.3982,43,0.028058
-20.3946,-13.2053,34.7,0.0791541
-21.6922,-11.9564,31.7,3.25828e-27
-24.6324,-9.10487,24.7526,0.213202
-24.6325,-8.91051,24.6064,0.131666
-24.7301,-8.70737,24.4025,0.220329
-24.9309,-8.52511,24.3312,0.230279
-25,-8.4662,24.3195,0.0827114
-18.8766,-12.7677,39.2,5.92702e-26
40.5878,-50,43.776,2.47934e-25
29.8261,-34.1379,38.7,2.21364e-25
15.2147,-17.9358,43.0051,0.027509
15.219,-17.9389,43,0.00165645
35.4994,-42.5,41.3759,1.9472e-26
18.1658,-19.9288,39.2,7.41965e-26
35.1264,-41.9502,41.2,2.21364e-25
24.1018,-25.7006,36,8.61492e-26
21.4865,-22.1737,34.9429,0.0686987
21.5579,-22.2143,34.8905,0.0299989
21.6525,-22.2638,34.8681,0.0357135
21.7453,-22.3044,34.8774,0.0240445
21.8165,-22.3602,34.9066,0.029316
21.8758,-22.4183,34.9436,0.0297086
21.9462,-22.5102,34.9813,0.0386932
21.9817,-22.5757,35,0.034134
-10.478,-9.5788,93.8,2.0872e-25
-33.8846,50,41.7698,1.40502e-25
-30.7577,42.5,36.9778,1.46181e-26
-32.0772,45.665,39,8.96108e-26
-11.0476,-8.43928,91.3,5.96342e-26
-25.1546,29.0607,28.3909,3.1076e-26
-23.1064,17.3046,34.8432,0.0532989
-23.1331,17.3769,34.7,0.0583532
-22.862,23.6656,24.9615,0.0462124
-22.9037,23.6878,24.9794,0.0266202
-22.9292,23.729,24.9878,0.0270395
-22.942,23.7536,25,0.0150807
-25.4837,29.8501,28.8953,2.65429e-26
-27.8359,35.4918,32.5,6.9984e-26
-22.0513,13.5762,43,0.0385638
-22.5259,15.3119,39.2,5.88169e-26
-12.9056,-3.5612,93.8,2.1191e-25
-13.0677,-4.19172,91.3,6.05457e-26
-16.1986,-16.3733,43,0.0310883
-16.5977,-18.7587,34.7,0.108439
-19.1118,-19.2125,24.328,0.734678
-19.1084,-19.0597,23.7234,0.517763
-19.1988,-19.1411,23.5284,1.14396
-19.202,-19.1422,23.5248,0.10156
-16.3813,-17.4654,39.2,6.10064e-26
-16.9054,-17.8809,43,0.0329094
-18.2954,-20.6888,34.7,0.147349
-19.7075,-24.464,24.7141,0.241463
-19.754,-24.366,24.4642,0.200464
-19.8272,-24.252,24.2291,0.243677
-19.854,-24.2092,24.1393,0.113336
-19.9026,-24.1799,23.9924,0.181231
-19.9771,-24.1537,23.8731,0.899609
-20.3942,-22.7829,21.28,0.050303
-20.3878,-22.7798,21.2673,0.197571
-19.7847,-24.2758,24.3573,0.0018646
-19.7843,-24.276,24.3563,0.0392957
-17.5418,-19.1665,39.2,6.02984e-26
-5.76473,-12.022,93.8,2.19125e-25
-4.86281,-12.0218,91.5784,5.38919e-26
14.8591,-12.0173,43,0.0262847
21.4564,-12.5403,24.9026,0.0680149
21.5154,-12.5162,24.514,0.250267
21.4585,-12.4997,24.0214,0.376129
21.2365,-12.3313,23.5214,0.776162
20.9124,-12.5248,22.784,0.62784
21.3598,-12.6412,23.0644,0.476343
21.4019,-12.6539,23.1008,0.481638
21.6147,-12.6653,24.2345,0.007947
21.6151,-12.6644,24.234,0.0405004
16.3536,-11.9623,39.2,6.23184e-26
18.1233,-11.8971,34.7,0.116828
45.9668,-50,47.0358,3.18462e-25
35.9796,-40.2734,38.7,1.0617e-25
15.0934,-13.8931,43,0.030867
19.0719,-24.0952,24.835,0.103288
19.2316,-24.1511,24.7104,0.135939
19.3901,-24.1548,24.8158,0.126316
19.5179,-24.2521,24.9597,0.160099
19.5653,-24.2877,25,0.0384793
25.3651,-29.9361,29.8408,3.23602e-26
28.5512,-33.039,32.5,2.71946e-26
15.9958,-15.9446,39.2,6.41321e-26
38.2658,-42.5,40.6082,7.4754e-26
24.6348,-29.2248,29.2312,3.40301e-26
17.0645,-18.374,34.7,0.128835
-12.0842,-12.0966,43,0.0201962
-13.5759,-12.3142,34.7,0.0928419
-13.522,-12.3063,35,2.9736e-26
-14.0006,-12.3532,33.1728,4.63424e-26
-16.2747,-12.6738,24.2118,0.624119
-16.1803,-12.9273,23.8756,0.309924
-16.3366,-13.4229,23.3212,0.53095
-16.3165,-13.6589,23.0022,1.26092
-16.3613,-13.6172,22.9635,0.56542
-12.7671,-12.1962,39.2,5.9472e-26
-9.37207,3.38748,97.6147,9.41261e-26
12.7122,50,44.4223,2.26548e-25
11.6461,16.28,43,0.0421643
13.9452,41.5277,38.7,9.58359e-26
13.9823,18.2244,34.7,0.0935969
15.4975,30.8616,31.4961,3.24831e-26
16.7957,20.8334,24.9183,0.0699292
16.8764,20.873,24.833,0.152899
16.8967,20.9347,24.7602,0.0680597
16.9382,21.0518,24.6987,0.0860135
16.9554,21.1134,24.8512,0.119676
16.9345,21.1489,24.9354,0.0804988
16.8939,21.2207,24.9847,0.0579962
16.8972,21.2435,25,0.0241988
15.3617,31.7947,32.1264,3.02002e-26
12.7157,17.1702,39.2,5.73145e-26
13.8037,42.5,39.3567,7.51005e-27
-19.4096,-18.1082,43,0.0334389
-22.2154,-20.4951,34.7,0.0781162
-23.687,-21.8805,24.3135,0.74795
-24.1658,-21.7166,23.8262,1.12377
-24.582,-21.4343,23.417,0.558216
-25,-21.1775,23.3346,0.449673
-37,-2.9081,26.8893,6.78003e-26
-20.6942,-19.201,39.2,6.38649e-26
50,-6.86035,36.2453,2.13886e-25
16.7948,-15.3876,43,0.0328953
22.071,-16.9111,24.8406,0.521037
22.1735,-16.948,24.7413,0.0809517
22.2908,-17.0265,24.7153,0.107594
22.4265,-17.0859,24.7262,0.0942787
22.5721,-17.1092,24.7891,0.0954056
22.6862,-17.1089,24.8834,0.0910029
22.7303,-17.1233,24.926,0.0425113
22.7342,-17.1236,24.9287,0.00240015
22.8311,-17.133,25,0.0839402
22.8985,-17.0924,24.9875,0.050303
22.8982,-17.092,24.9878,0.0275146
31.3936,-13.8955,28.544,2.83744e-26
37,-11.7757,30.8645,3.05552e-26
40.9513,-10.2817,32.5,7.38224e-26
18.0793,-15.7021,39.2,5.83405e-26
30.4543,-14.2506,28.1553,2.82303e-26
19.6005,-16.0745,34.7,0.432135
-12.0103,16.8928,34.7,0.129883
-13.0543,20.1404,24.393,0.453406
-12.8919,20.1433,23.8065,0.454527
-12.8195,20.1256,23.5116,0.294427
-12.7339,20.1687,23.2928,0.262553
-12.9022,20.4484,23.2666,1.61386
-12.7997,20.239,23.2961,0.050303
-12.7997,20.239,23.2961,0.00130007
-11.4645,14.3357,43,0.0858184
-11.7144,15.5064,39.2,6.09938e-26
-22.1286,11.9961,35,2.79156e-26
-26.961,8.77574,33.6333,2.78815e-26
-26.071,9.36324,33.8404,1.21675e-25
-22.2164,11.9867,34.8338,0.18587
-22.2991,11.8788,34.762,0.0507299
-22.3769,11.8018,34.7,0.0345126
-37,2.14867,31.2973,3.29379e-26
-19.6704,11.5016,43,0.0286919
-20.8381,11.7365,39.2,5.58312e-26
-19.6944,50,42.3317,1.80412e-25
-20.9771,42.5,37.9785,7.13717e-26
-20.6761,44.2599,39,4.08256e-26
-23.0855,30.1729,30.8234,3.87834e-26
-17.8404,16.5436,34.9134,0.0262963
-17.9232,16.5448,34.7893,0.0436552
-17.9874,16.5594,34.7,0.033101
-24.6919,19.9761,24.9672,0.0278478
-24.6921,19.9954,24.9392,0.0198261
-24.7017,20.0314,24.9202,0.0237972
-24.7436,20.0341,24.902,0.0612775
-24.7908,20.0324,24.9279,0.0329844
-24.8101,20.0419,24.9675,0.0317918
-24.82,20.0726,24.9927,0.025412
-24.8007,20.1064,24.9761,0.0266626
-24.8016,20.1372,24.9988,0.0304665
-24.8014,20.1399,25,0.0011044
-22.9257,31.1071,31.3657,3.02719e-26
-12.3996,14.5968,43,0.0274941
-14.9437,15.5071,39.2,6.56318e-26
7.84389,-6.12938,96.6714,1.27436e-25
-13.1069,-15.6773,43,0.0232106
-17.137,-17.3348,34.7,0.0950906
-22.2822,-19.486,24.6886,0.267578
-22.368,-19.6573,24.3961,0.237298
-22.5158,-19.775,24.1303,0.237439
-22.4445,-20.0653,23.6628,0.385753
-22.3881,-20.1949,23.5123,0.178281
-22.3427,-20.2794,23.4268,0.83588
-14.952,-16.4361,39.2,6.40542e-26
-47.1096,-20,38.9392,1.26209e-25
-14.2742,-15.9915,43,0.0318852
-14.3171,-18.1993,34.7,0.12106
-30.6159,-21.4196,29.4561,3.28751e-26
-22.6845,-22.1027,24.9587,0.098708
-22.7619,-22.103,24.9581,0.0581548
-22.8135,-22.1002,24.981,0.0421363
-22.8654,-22.0866,25,0.033112
-31.6229,-21.3329,30.0351,3.0926e-26
-14.2939,-17.0023,39.2,5.50307e-26
-6.94363,11.7294,93.8,2.10022e-25
17.383,18.7314,43,0.0271691
50,18.7054,30.1698,1.90159e-25
-5.74645,12.0739,91.3,6.00062e-26
29.9662,19.527,33.9096,1.15027e-25
25.7319,19.7006,34.7,0.332277
25.4301,19.6656,35,2.2971e-26
31.029,19.4834,33.7112,2.75014e-26
42.5,19.013,31.5699,1.35357e-25
21.2054,19.1751,39.2,7.63953e-26
1.0777,9.99456,93.8,3.82175e-26
-6.62111,14.5474,41.2,1.01293e-25
-7.27975,14.9369,36.7,5.47527e-26
-6.07955,14.2272,44.9,2.73764e-26
-7.52857,15.0841,35,2.73764e-26
-8.01157,15.3697,31.7,8.21291e-26
-11.2564,16.8296,31.8112,3.05861e-27
-12.0401,17.1176,34.8763,0.0453603
-12.0813,17.1221,35,0.0303281
-9.03939,15.9455,24.8834,0.10702
-9.11555,15.9636,24.7694,0.0684276
-9.22515,15.9368,24.713,0.086413
-9.34125,15.9979,24.7584,0.0804441
-9.43281,16.0822,24.7937,0.109257
-9.53348,16.1131,24.8606,0.0973448
-9.58019,16.1298,24.9642,0.0777637
-9.58185,16.1323,25,0.0212806
-12.7735,17.3993,43.1,0.028803
-6.91384,14.7205,39.2,5.47527e-26
-12.6112,17.3343,41.2,5.34863e-26
4.43093,-12.016,93.8,2.01237e-25
-15.2436,-50,40.8958,9.96543e-26
-14.8549,-42.5,36.7356,1.97584e-27
-15.0665,-46.5823,39,1.10268e-25
-12.1071,-16.6117,43,0.0294596
-13.5736,-18.5777,34.7,0.089717
-14.2237,-30.3203,29.9796,3.32635e-26
-13.4145,-20.9254,24.8609,0.097161
-13.516,-21.0244,24.8327,0.0883501
-13.6024,-21.1367,24.8741,0.10314
-13.6896,-21.233,24.9515,0.0981652
-13.7578,-21.3336,24.9947,0.118688
-13.7585,-21.343,25,0.0073608
-14.2848,-31.4999,30.634,3.18904e-26
-12.7785,-17.5118,39.2,5.67655e-26
11.4905,1.79161,93.8,2.1212e-25
12.2639,14.9115,43,0.0316708
12.6185,17.3921,34.7,0.10355
11.6047,20.6058,24.2425,0.909146
11.53,20.6489,24.1047,0.115943
11.3308,20.7318,23.6468,0.534911
11.3273,20.7345,23.2144,0.414852
11.2315,20.7407,22.9404,1.39194
11.229,20.7406,22.9419,0.0738531
11.1757,20.9365,22.7199,0.050303
11.1759,20.9363,22.7195,0.0252063
10.6488,21.1652,22.899,0.0083498
10.6497,21.1637,22.8923,0.123984
12.4262,16.0472,39.2,6.12676e-26
-1.09211,13.0569,93.8,2.10597e-25
-1.74382,13.4596,91.3,6.01707e-26
-16.8237,22.6278,34.7,0.0942662
-19.8486,23.9797,24.5736,0.429795
-20.2276,24.0802,24.4359,0.264128
-20.6201,24.11,24.1558,0.360047
-20.8343,24.1226,23.9512,0.234151
-21.2214,24.3642,23.7655,0.524194
-21.3941,24.7124,23.7131,0.377913
-21.4266,24.88,23.8771,0.237642
-21.4145,24.8947,23.9467,0.564385
-21.4154,24.9082,24.3601,0.0083498
-21.4156,24.9086,24.3606,0.029911
-14.3348,21.2415,43,0.0278952
-15.4743,21.8762,39.2,6.08011e-26
12.3145,12.5381,43,0.0269979
-55.5,11.3728,38.476,2.6837e-25
-6.57086,14.5237,29.4311,2.96961e-26
-29.9286,13.0195,33.7489,2.85868e-26
-28.8498,13.089,33.5495,1.64581e-25
15.3757,14.2415,34.7,0.0844248
18.9617,16.3201,24.4078,0.508234
18.8494,16.394,23.8746,0.385131
18.5134,15.9102,24.1768,0.645157
18.2342,15.681,24.6262,0.782086
17.7368,15.8724,24.8464,0.602311
17.3994,16.0673,25,0.359758
3.87545,15.1964,27.5,7.21123e-26
-5.4437,14.5963,29.2227,2.92032e-26
13.716,13.318,39.2,6.2866e-26
18.3828,-29.9918,32.8563,1.6206e-25
23.6285,-50,30.711,2.19012e-25
13.0148,-11.2364,43.0438,0.0332018
13.0128,-11.2452,43,0.00976481
12.653,-10.8199,44.7359,4.845e-27
21.6621,-42.5,31.5152,2.03368e-25
13.325,-11.9319,39.2,5.76807e-26
13.6686,-12.688,35.0158,2.83847e-26
18.6454,-30.9935,32.7489,2.98213e-26
13.6875,-12.6993,34.9387,0.0318134
13.7343,-12.6957,34.9,0.0533219
13.765,-12.7023,34.8599,0.0128455
13.7974,-12.7108,34.7732,0.0296516
13.8128,-12.72,34.7207,0.0124936
13.8296,-12.7222,34.7,0.00871721
13.8539,-12.7579,34.7064,0.0146021
13.8744,-12.7957,34.7002,0.0155142
13.8747,-12.7969,34.7,0.00048212
8.86949,-6.47222,93.8,1.28311e-25
16.4498,-14.9796,43,0.0247369
19.0373,-21.084,24.7816,0.167726
18.9772,-21.0211,24.6121,0.113406
19.1082,-21.0583,24.4501,0.187067
19.1951,-21.0683,24.1967,0.19099
19.3217,-21.0494,24.0627,0.113422
19.3314,-21.0531,24.0411,0.271324
17.1478,-16.079,39.2,5.80277e-26
17.9743,-17.3809,34.7,0.0793036
-3.89814,50,44.5892,2.52098e-25
-9.28884,40.9487,38.7,1.10701e-25
-15.259,30.9245,32.1777,3.26924e-26
-16.4449,15.4057,34.7,0.0988174
-21.3517,19.1491,24.8294,0.234281
-21.52,19.2023,24.6884,0.167516
-21.5362,19.2027,24.6752,0.0116321
-21.7533,19.2471,24.5614,0.235462
-21.8148,19.4303,24.6552,0.193706
-21.8698,19.5832,24.8529,0.168675
-21.8362,19.7924,24.9551,0.19274
-21.8291,19.8929,25,0.0682672
-22.2866,19.4208,23.9431,0.007947
-22.2869,19.4202,23.9435,0.0313886
-14.964,31.4198,32.5,1.78382e-26
-14.2277,13.2052,43,0.037024
-15.2428,14.2126,39.2,5.93471e-26
-8.36494,42.5,39.7093,2.81922e-26
-18.5425,-13.4914,43,0.0207369
-20.9838,-15.9585,34.7,0.0804127
-22.2217,-18.3641,24.7551,0.175111
-22.2239,-18.383,24.7148,0.0374999
-22.3321,-18.3955,24.4515,0.242749
-22.2579,-18.2641,24.2067,0.377275
-22.5818,-18.242,23.9279,0.479908
-22.6834,-18.2207,23.9489,0.308722
-22.6586,-18.2502,23.9746,0.418432
-22.4422,-18.4644,24.1647,0.0083498
-22.4417,-18.4649,24.1657,0.0410815
-19.6602,-14.6209,39.2,6.07499e-26
-11.5754,1.38862,93.8,2.12759e-25
-13.6662,18.7304,34.7,0.0994845
-13.5613,21.4429,24.5647,0.341659
-13.5038,21.582,24.3852,0.162786
-13.3162,21.5473,23.9224,0.711419
-13.4586,21.4314,23.7472,0.796732
-13.4832,21.4331,23.7683,0.330764
-13.4117,16.4456,43,0.0247713
-13.5282,17.4917,39.2,6.04216e-26
3.71188,13.9601,93.8,2.19047e-25
2.79582,13.8285,91.3,6.2585e-26
-18.1947,10.9841,35,3.17453e-26
-20.0399,10.7813,31.7,1.01514e-25
-18.3182,10.9728,34.7,0.104365
-24.3639,10.2265,24.495,0.487931
-24.915,10.0045,24.118,0.60384
-25,9.97564,24.095,0.0679956
-14.9024,11.2854,43,0.0226144
-16.4662,11.1423,39.2,6.34905e-26
-50,28.614,47.4844,2.34903e-25
-38.3818,26.847,38.7,8.87669e-26
-42.5,27.4733,41.8137,2.72393e-26
-28.8327,25.3946,31.4801,3.59081e-26
-19.0323,22.9485,34.7,0.094757
-19.8512,24.1555,24.932,0.0382402
-19.9045,24.1553,24.8688,0.0445764
-19.9751,24.1401,24.8714,0.0424082
-20.0254,24.0774,24.8898,0.0632717
-20.0876,24.0544,24.9223,0.0595754
-20.1526,24.0434,24.9454,0.0579162
-20.2145,24.0815,24.9788,0.0461749
-20.2621,24.0911,25,0.0337862
-29.799,25.5416,32.2107,3.24239e-26
-16.7597,19.8141,43,0.0530879
-17.8002,21.2491,39.2,5.86996e-26
-41.6883,27.3498,41.2,8.87669e-26
-17.1619,20.9948,34.7,0.086029
-19.5975,24.1186,24.9591,0.0221803
-19.5433,24.1847,24.6287,0.239405
-19.5454,24.341,24.3837,0.207121
-19.6285,24.4042,24.2703,0.106152
-19.8103,24.4266,24.1504,0.147535
-19.9862,24.2598,24.0979,0.366285
-19.9305,23.982,24.0031,0.413472
-19.9466,23.8887,23.9501,0.744414
-20.3141,24.356,23.9426,0.0012907
-20.3152,24.3557,23.9431,0.0426794
-15.3134,17.8732,43,0.0326533
-16.1597,19.3023,39.2,6.14204e-26
-16.2684,22.3456,34.7,0.0897698
-20.0149,23.148,24.4908,0.434804
-20.107,23.2796,24.2709,0.220254
-19.9131,23.2653,23.7868,0.711883
-19.7561,23.1378,24.0204,1.48225
-19.7575,23.1374,24.0208,0.0487907
-14.0794,20.8317,43,0.022614
-15.0816,21.5248,39.2,6.0914e-26
-12.5208,-5.24321,93.8,2.07865e-25
-12.5427,-4.42492,91.3,5.93899e-26
-13.4838,13.0432,35.2361,2.20797e-26
-13.5196,13.1577,34.7,0.084239
-14.8659,15.3351,24.7072,0.380712
-14.8697,15.3369,24.3858,0.228731
-14.7741,15.3916,24.2227,0.131165
-14.6896,15.438,24.0669,1.06464
-12.9646,11.3845,43,0.0352029
-13.2187,12.1963,39.2,5.78047e-26
-2.0066,10.4657,93.8,1.02747e-25
-15.6727,21.9194,34.8419,0.0465469
-15.6902,21.952,34.7,0.034981
-14.4262,23.1516,24.898,0.0626737
-14.3932,23.1283,24.773,0.11169
-14.3496,23.1432,24.6385,0.0842504
-14.3339,23.2759,24.4763,0.140949
-14.337,23.2915,24.1953,0.221873
-14.287,23.167,23.8403,0.528953
-14.2828,23.0286,23.593,0.963736
-14.3013,22.981,23.5694,0.477468
-14.6539,19.2732,43,0.0334397
-15.1267,20.5089,39.2,6.20954e-26
-15.7476,18.7405,34.7,0.0825893
-17.1869,23.3827,24.768,0.210654
-17.2668,23.6765,24.6808,0.227906
-17.2785,23.7051,24.6817,0.019821
-17.0155,23.7785,24.6923,0.379659
-17.0124,23.7668,24.6797,0.221345
-14.5542,16.1261,43,0.0504893
-15.1006,17.3231,39.2,5.96557e-26
10.3653,-5.91113,93.8,1.9699e-25
50,1.73103,45.0622,2.97243e-25
41.5487,-6.67292,38.7,1.12812e-25
18.4452,-20.4317,43,0.0255288
23.2175,-24.9754,24.9075,0.0751688
23.2956,-24.9175,24.8815,0.0924695
23.3188,-24.8468,24.9412,0.158051
23.3455,-24.7796,24.9914,0.0491549
23.3503,-24.7694,25,0.0102735
31.8986,-16.269,31.4352,3.80001e-26
19.2525,-20.9677,39.2,5.51809e-26
42.5,-5.72696,39.4161,1.21916e-26
30.9786,-17.1838,30.7427,4.15334e-26
20.2085,-21.6024,34.7,0.100668
12.2072,-18.9811,43,0.0277535
16.6319,-24.3147,24.8082,0.178951
16.6326,-24.3339,24.7757,0.0271214
16.5592,-24.468,24.7071,0.13114
16.5307,-24.5356,24.5794,0.127941
16.6909,-24.6189,24.4749,0.123836
16.8178,-24.71,24.4053,0.13649
16.8718,-24.7758,24.2726,0.255018
16.8683,-24.7772,24.2662,0.0024958
16.9368,-24.7958,24.142,0.133247
16.9553,-24.8293,24.0316,0.117267
16.9109,-24.7528,23.94,0.198713
16.9154,-24.7507,23.9255,0.203699
16.8355,-24.8286,24.1835,0.050303
16.8355,-24.8286,24.1835,0.00454577
12.9364,-20.081,39.2,5.80848e-26
13.7999,-21.3836,34.7,0.0825282
-4.94619,8.72532,93.8,2.23884e-25
-18.6335,-11.0483,43,0.023215
-20.9997,-14.868,34.7,0.0996584
-23.687,-18.8342,24.5194,0.530665
-23.6972,-18.8418,24.5026,0.0156152
-23.7576,-18.8977,24.4149,0.062362
-24.1456,-19.0589,24.0925,0.723955
-24.4878,-19.0847,23.7358,0.528836
-24.7652,-19.0544,23.3241,0.339528
-24.7792,-18.9881,22.8513,0.407225
-24.9292,-18.8716,22.3565,0.467017
-25,-18.836,22.3676,0.0496861
-24.0064,-19.124,24.0337,0.00027886
-24.0067,-19.1251,24.0335,0.0399645
-19.7168,-12.7971,39.2,6.57234e-26
-41.5914,19.2681,38.7,1.01522e-25
-30.9627,19.1978,32.0686,3.08693e-26
-17.2557,14.3023,34.7,0.109433
-18.7969,18.2871,24.8409,0.13432
-18.8776,18.4261,24.7291,0.121485
-18.9424,18.5887,24.6294,0.118083
-19.0109,18.7952,24.5964,0.167148
-19.1249,18.9493,24.6678,0.142648
-19.2606,19.0291,24.7701,0.13408
-19.4101,19.1208,24.8343,0.144263
-19.5453,19.1781,24.9137,0.139749
-19.565,19.1663,24.933,0.0195677
-19.6333,19.1229,25,0.0673644
-28.2925,-38.3562,86.8936,0.00293189
-31.6542,19.2024,32.5,2.14045e-26
-16.0507,13.2872,43,0.0208457
-16.6024,13.7519,39.2,5.61867e-26
-42.5,19.2741,39.2669,3.3938e-27
-10.5443,-7.37096,93.8,2.32895e-25
-50,34.3058,40.1069,2.40051e-25
-40.9866,30.6302,38.7,4.76801e-25
-23.689,23.5765,36,3.59947e-26
-17.0388,20.5393,34.9731,0.00688417
-17.0494,20.5514,34.938,0.00976063
-17.0695,20.5695,34.9076,0.014962
-17.1165,20.6173,34.8925,0.0210227
-17.1407,20.668,34.9215,0.0179686
-17.139,20.7026,34.954,0.0141226
-17.1521,20.7299,34.9738,0.00803049
-17.1678,20.7585,34.9811,0.01106
-17.1757,20.8032,34.9761,0.0160387
-17.2016,20.8402,34.9763,0.0160094
-17.2129,20.8797,34.9845,0.00549968
-17.2305,20.917,34.9865,0.0130824
-17.2607,20.9459,34.9933,0.012177
-17.2825,20.964,35,0.00823356
-12.4235,18.7792,43.0633,0.0151876
-12.4329,18.8024,43.0158,0.0193731
-12.4403,18.8056,43,0.00391293
-14.6177,19.6237,39.2,7.05095e-26
-50,-22.2266,35.1819,8.35679e-26
-20.0529,11.5813,35,3.17693e-26
-21.192,11.2525,31.7,9.34219e-26
-20.1731,11.6152,34.7,0.0967569
-23.8697,10.5048,24.3237,0.911295
-24.4719,10.3009,23.6679,0.62177
-25,9.94886,23.3117,0.659438
-33.821,-1.40394,27.5,1.01732e-25
-37,-5.49538,29.0094,4.83029e-26
-42.5,-12.574,31.6208,1.22934e-26
-16.8468,10.6754,43,0.0308772
-18.3697,11.1057,39.2,6.35387e-26
-12.7546,-4.11791,93.8,1.89984e-25
-2.69084,-1.6635,43,0.0247469
-34.807,12.5737,38.7,1.45746e-25
-12.3316,-4.01476,91.6651,4.43714e-26
-42.5,15.4989,41.9714,5.62121e-26
-18.0244,6.19241,31.5634,6.9205e-26
-28.1616,10.0469,35.8741,6.80641e-26
-25.4005,8.99707,34.7,2.18619e-25
-2.19556,-0.216695,24.9365,0.0341111
-2.24782,-0.153333,24.9433,0.0649402
-2.29353,-0.0942207,24.9415,0.0513326
-2.31034,-0.0466347,24.9507,0.0257662
-2.33447,0.0223894,24.9496,0.0589532
-2.3616,0.0781845,24.9421,0.0511984
-2.41937,0.13379,24.9286,0.0496402
-2.48335,0.134791,24.8918,0.0397115
-2.52588,0.18659,24.8845,0.052983
-2.53401,0.244887,24.9159,0.0361363
-2.56657,0.294087,24.9662,0.0528975
-2.5899,0.323695,25,0.0732586
-8.46893,2.5591,27.5,7.58209e-27
-10.1604,3.20224,28.2193,2.82293e-26
-15.4844,5.22662,30.4833,5.07348e-26
-40.686,14.8091,41.2,1.45746e-25
-1.00304,-0.45632,34.7,0.0802166
-9.24941,2.85587,27.8319,2.41859e-26
13.8729,-13.5043,43,0.0376368
17.5448,-17.4787,24.9904,0.0975702
17.4186,-17.7764,24.6155,0.359077
17.2646,-17.6312,24.1204,0.433761
17.2368,-17.6341,23.6179,1.06099
17.2343,-17.7043,23.5487,0.69795
14.4955,-14.334,39.2,6.00509e-26
15.2327,-15.3165,34.7,0.0804611
-13.7551,2.44538,93.8,1.94149e-25
-15.2231,-50,43.7223,2.13708e-25
-1.40992,-2.86986,43,0.0407084
-9.48221,-36.12,38.7,1.68747e-25
-13.1476,2.1838,91.3,5.54711e-26
6.44175,0.93537,24.8972,0.0807512
6.4182,1.02771,24.8628,0.079249
6.43958,1.12659,24.8504,0.0591445
6.42594,1.22733,24.8126,0.0858571
6.44384,1.32705,24.7335,0.0936447
6.42825,1.46257,24.6893,0.0940429
6.43135,1.62646,24.7299,0.136746
6.41353,1.7117,24.7758,0.0704728
6.32161,1.7747,24.8167,0.0937114
6.27994,1.81325,24.885,0.0772307
6.21395,1.78118,24.9444,0.0747285
6.17797,1.74215,25,0.0835835
1.05595,-10.6415,29.4809,3.38376e-26
-12.1211,-42.5,41.0086,1.52594e-25
0.90237,-2.76635,34.7,0.0630616
1.55958,-9.4239,29.0403,3.3799e-26
10.7692,5.68357,93.8,2.0541e-25
19.7307,11.986,43,0.0261447
50,25.3571,38.6389,2.2973e-25
21.6308,13.3694,34.7,0.0855708
24.0478,14.4181,24.9825,0.00910629
24.1913,14.6351,24.5151,0.537426
24.3819,14.8146,24.09,0.317321
24.5543,14.8325,23.8289,0.207551
24.9363,14.8705,23.75,0.322461
25,14.8786,23.789,0.0683234
32.0055,17.8148,27.9502,6.43043e-26
37,19.9082,30.917,3.28186e-26
39.6651,21.0253,32.5,5.52505e-26
20.6006,12.6193,39.2,5.96033e-26
-26.6939,50,32.7665,2.03273e-25
-23.457,29.9997,34.2124,2.97422e-26
-23.2828,28.9237,34.2902,1.58774e-25
-22.0446,22.5868,34.937,0.0306393
-22.0822,22.6565,34.9103,0.0425892
-22.1278,22.7598,34.8986,0.0289126
-22.1616,22.8299,34.8828,0.0159933
-22.2261,22.8938,34.8506,0.02686
-22.2537,22.9812,34.8099,0.0443656
-22.3004,23.0486,34.759,0.0258579
-22.3253,23.1227,34.735,0.0233134
-22.3497,23.2003,34.7122,0.0238641
-22.3653,23.2542,34.7,0.0228834
-19.5059,16.8433,43.0151,0.0354192
-19.5094,16.8504,43,0.0124539
-20.701,19.5434,39.2,6.88006e-26
1.33203,12.3138,93.8,2.09648e-25
-23.2919,50,36.6778,2.59205e-25
-18.0201,31.2482,29.903,3.85689e-26
-15.485,20.7754,34.948,0.0206008
-15.4812,20.7753,34.9036,0.0118505
-15.4737,20.7785,34.8511,0.0189601
-15.475,20.795,34.7653,0.0427224
-15.4701,20.7838,34.7236,0.014088
-15.4663,20.7743,34.7,0.00978578
-14.2579,17.7157,24.9884,0.00865742
-14.2521,17.7025,24.9845,0.0133608
-14.2507,17.6898,24.979,0.0101451
-14.2417,17.6833,24.9699,0.0110514
-14.2315,17.6716,24.9709,0.0107269
-14.2207,17.6642,24.9804,0.00971598
-14.2093,17.6705,24.9888,0.0264988
-14.2048,17.6776,25,0.0171379
-18.2315,32.0002,30.1747,2.78457e-26
-20.041,38.4365,32.5,9.02202e-26
-10.8852,18.1761,43.0557,0.0138396
-10.9137,18.1909,43.0196,0.0127374
-10.9295,18.2031,43,0.00659799
-13.0857,19.4189,39.2,6.98777e-26
0.832709,-13.5053,93.8,2.05463e-25
-50,-30.3551,39.5542,2.7505e-26
-49.0815,-29.7275,39,2.22219e-25
0.0342735,-13.4598,91.3,5.87038e-26
-15.3915,-12.5815,43,0.0271202
-18.4754,-12.367,34.7,0.0888458
-31.1104,-17.4476,28.1556,3.86526e-26
-23.6105,-13.3189,24.7638,0.183836
-23.7817,-13.3432,24.5604,0.200396
-23.9015,-13.3078,24.4182,0.125544
-24.1418,-13.2302,24.2986,0.197464
-24.5127,-13.1877,24.2978,0.243164
-24.8158,-13.1897,24.4136,0.244007
-25,-13.2722,24.4684,0.476128
-30.0239,-16.7051,27.5,1.22402e-27
-32.0028,-18.0574,28.6942,3.2609e-26
-38.3098,-22.367,32.5,8.44011e-26
-16.8034,-12.4833,39.2,5.96363e-26
-13.4608,18.2284,34.7,0.184936
-14.8265,20.6506,24.8354,0.160532
-14.8627,20.6682,24.737,0.0772603
-14.8913,20.6574,24.704,0.410504
-12.2155,14.859,43,0.025935
-12.7857,16.4016,39.2,6.0167e-26
2.71219,-9.57692,96.3034,1.22018e-25
-0.158015,-11.5074,100.8,1.80332e-25
2.79421,1.07938,43,0.0415299
-1.24444,1.91781,43.1,0.0254537
1.28483,5.08303,24.9255,0.0564358
1.21351,5.08898,24.8836,0.0479733
1.15668,5.10169,24.8551,0.0424021
1.07261,5.10898,24.8463,0.0519381
1.03312,5.10917,24.939,0.0822095
1.00254,5.12647,25,0.0807378
2.09232,2.10585,34.7,0.0829547
-1.21487,3.94982,34.9283,0.0653025
-1.22886,3.9611,35,0.0364572
-1.22946,3.88327,35.3085,8.46492e-27
-1.1959,3.93845,34.7,8.22958e-26
12.9848,18.1714,43,0.0302072
15.3366,21.1533,34.7,0.120317
17.2293,24.3837,24.7501,0.237458
17.585,24.328,24.2087,0.482157
18.2554,24.2905,24.1829,0.774456
18.6843,24.7344,23.9507,0.686154
18.6749,24.9543,23.8119,0.55093
18.5837,24.9819,23.8524,0.720758
14.0615,19.5366,39.2,6.42967e-26
-1.51364,-9.85092,99.0921,5.15269e-26
20.8548,50,41.9105,1.45998e-25
10.8419,17.7925,43,0.0449508
18.7155,42.5,36.9711,1.40824e-26
19.5942,45.5807,39,8.82913e-26
13.416,22.276,34.7669,0.0906905
13.4231,22.3017,34.7,0.0226862
15.3873,30.8321,29.2868,3.65134e-26
13.3039,23.9166,24.9458,0.0414812
13.3169,23.9444,24.9016,0.0389006
13.2927,23.99,24.8678,0.0377485
13.2964,24.0378,24.8144,0.0697477
13.2997,24.1238,24.7799,0.0797285
13.4079,24.2083,24.786,0.113818
13.4802,24.2793,24.8576,0.111058
13.5201,24.2922,24.9281,0.061304
13.5352,24.3104,24.9784,0.0367755
13.5307,24.323,25,0.0204671
15.6741,31.8373,29.9488,3.43906e-26
12.0578,19.8707,39.2,6.28734e-26
-3.65318,-14.1989,93.8,1.94115e-25
-14.7469,2.05917,100.8,2.12682e-25
-2.97923,-14.2389,91.3,5.54614e-26
10.0414,-15.0111,43,0.0249945
7.92102,-10.3309,45.9,3.03832e-26
9.8129,-14.9975,43.8476,2.9185e-26
8.33392,-10.5566,44.9,1.12418e-25
11.0955,-14.2825,39.2,5.65761e-26
9.86163,-11.3916,41.2,6.07663e-26
12.2606,-13.4773,35,2.82881e-26
12.0087,-12.5652,36,3.03832e-26
12.3122,-13.44,34.889,0.0452217
12.3614,-13.3752,34.8089,0.0326028
12.4038,-13.2627,34.7546,0.0281201
12.4294,-13.1577,34.7299,0.0431745
12.4614,-13.0328,34.7771,0.0276079
12.4828,-12.9243,34.8344,0.026798
12.4941,-12.8484,34.9164,0.0377809
12.4221,-12.7912,34.9988,0.0413001
12.4216,-12.7909,35,0.000324726
8.15526,8.44028,93.8,2.15528e-25
-40.5637,19.9024,38.7,9.13756e-26
-30.7591,20.8117,31.4027,3.60736e-26
-16.5578,18.903,34.7,0.0843269
-21.5156,20.8997,24.7921,0.314739
-21.6974,21.0798,24.856,0.461485
-21.8623,21.2781,24.7904,0.162339
-22.0105,21.453,24.833,0.135439
-22.1368,21.6083,24.9862,0.180779
-22.1565,21.6095,25,0.0294007
-31.7407,20.7207,32.1332,3.3377e-26
-13.4759,17.6372,43,0.0286705
-14.8869,18.2167,39.2,6.01907e-26
-42.5,19.7228,40.1411,4.29968e-26
-10.2218,-16.4905,43,0.030495
-11.7841,-19.948,34.9153,0.0265547
-11.8277,-19.9933,34.8358,0.0236128
-11.8529,-20.0386,34.7402,0.0522619
-11.9122,-20.0361,34.7,0.0198272
-30.8337,-15.1934,28.8574,2.87703e-26
-31.7042,-14.9706,28.5886,2.55722e-26
-37,-13.6153,26.9533,5.20097e-26
-10.949,-18.1088,39.2,5.95183e-26
5.17825,12.3384,93.8,2.10057e-25
-50,35.5823,43.8795,2.23437e-25
-42.5,31.6751,38.0087,6.118e-26
-43.7664,32.3348,39,2.8045e-26
4.07443,12.694,91.3,6.00164e-26
-29.2636,24.7794,27.6475,6.89536e-27
-20.5356,22.0029,34.7,0.137027
-24.4528,22.3406,24.8964,0.0797252
-24.4824,22.3424,24.7727,0.117307
-24.494,22.3256,24.6511,0.090014
-24.5213,22.3507,24.4565,0.134706
-24.691,22.3823,24.3018,0.270163
-24.8285,22.443,24.296,0.109214
-24.9206,22.5196,24.3057,0.0809173
-25,22.5582,24.3101,0.0440194
-29.0751,24.6812,27.5,2.72341e-26
-30.0254,25.1762,28.2438,2.78774e-26
-35.4626,28.0089,32.5,7.44123e-26
-17.2513,19.5646,43,0.0306624
-18.7549,20.6809,39.2,6.06586e-26
9.87687,-1.25011,97.9545,9.11267e-26
-35.0495,50,41.4327,1.38182e-25
-32.1232,42.5,37.2083,3.011e-26
-33.3643,45.681,39,8.94504e-26
-26.4992,28.0861,29.0896,3.29924e-26
-20.6068,15.956,34.7,0.0861303
-23.5233,20.1369,24.7651,0.378066
-23.5354,20.2468,24.8299,0.0909759
-23.5673,20.5192,24.8858,0.251482
-23.6416,20.7788,24.9695,0.228257
-23.6663,20.8255,25,0.0363108
-26.8101,28.8829,29.5384,2.6588e-26
-28.8617,34.1409,32.5,6.29757e-26
-16.2368,13.3797,43,0.0641519
-18.2375,14.5592,39.2,6.58505e-26
4.42096,-8.92123,100.561,6.69042e-27
16.4445,1.68193,100.8,1.9456e-25
-0.166984,2.35326,43.1,0.0298345
-5.21418,10.0519,36.7,5.60149e-26
14.2853,1.76919,93.3,5.55885e-26
-4.19248,8.04001,43.4717,6.80093e-26
-6.60224,12.7852,27.5,4.07968e-26
-7.00747,13.5368,24.9313,0.0440802
-7.04934,13.5477,24.8666,0.0869336
-7.10569,13.576,24.8236,0.123962
-7.14426,13.4981,24.8993,0.0915716
-7.12511,13.4415,24.9328,0.0518188
-7.07616,13.3919,24.9749,0.0631537
-7.05841,13.3719,25,0.0143735
-6.32274,12.2348,29.3525,8.81528e-26
-6.75312,13.0823,26.5,2.80075e-26
-5.72535,11.0166,27.5,3.92205e-26
-4.36309,8.60971,30.0548,3.67234e-26
-4.83699,9.30914,39.2,5.60149e-26
-1.80069,4.07034,34.9193,0.0649065
-1.78728,4.03115,35,0.0316801
-3.91955,7.82607,30.8866,3.26233e-26
-1.58724,3.824,36,2.77641e-26
-1.88614,4.23338,34.7,1.17661e-25
-2.67089,0.584568,43.0327,0.0202806
-2.67563,0.588472,43,0.00989169
50,-10.9496,30.9549,2.12815e-25
42.5,-9.24806,31.5045,1.97614e-25
-1.27516,0.552175,34.9516,0.0159546
-1.2741,0.578869,34.9055,0.0301564
-1.26744,0.59969,34.8502,0.021693
-1.22421,0.628847,34.7681,0.0328131
-1.18103,0.641648,34.7252,0.0182481
-1.14534,0.652981,34.7,0.0156524
-1.11104,0.646334,34.7,0.0152374
-1.11058,0.646229,34.7,1.71649e-05
13.7,-2.71397,33.6148,1.56839e-25
8.42991,-1.5183,34.0009,1.37062e-25
-0.818583,1.71911,43,0.0293687
-25.4778,50,35.9688,2.02326e-25
-9.14518,10.0441,29.4495,2.82688e-26
-20.3921,31.018,29.6691,2.84969e-26
-16.5972,16.8359,24.9619,0.0402771
-16.6104,16.8933,24.9663,0.0409502
-16.6223,16.9471,24.999,0.0432305
-16.6227,16.9491,25,0.00141307
-6.96233,8.06279,30.7581,2.67939e-26
-8.33105,9.30515,29.9376,2.90611e-26
-20.5909,31.7601,29.9154,2.14503e-26
-22.6774,39.5479,32.5,1.02547e-25
-0.344536,2.04809,34.7408,0.0973185
-0.386747,2.0943,34.7,0.0225938
-6.27938,7.4429,31.1675,2.90546e-26
-5.39114,6.63666,31.7,1.32915e-25
-3.22885,-12.6689,93.8,1.97699e-25
50,49.7212,42.9414,2.77269e-25
-2.15446,-2.61834,43,0.0328196
33.0998,34.5751,37.1554,4.91718e-26
37.6114,38.6185,38.7,3.9802e-26
36.5348,37.6537,38.3314,1.26999e-25
-3.21568,-12.5457,93.1773,3.46446e-27
25.3638,27.6422,34.5068,1.45141e-25
7.81173,11.9119,28.4976,2.83788e-26
26.1419,28.3395,34.7732,2.73865e-26
-2.76078,1.65641,24.8156,0.152186
-2.83036,1.77285,24.6622,0.170978
-2.88339,1.98767,24.5523,0.156623
-2.9161,2.22652,24.5107,0.189262
-2.92996,2.47008,24.453,0.156683
-2.78481,2.65053,24.66,0.310726
-2.6033,2.74767,24.7585,0.437114
-2.4588,2.75494,24.9323,0.175091
-2.40405,2.75652,25,0.0502253
5.0317,9.42046,27.5458,6.05902e-26
6.92704,11.1191,28.1947,2.73856e-26
41.9425,42.5,40.1828,1.0613e-25
-1.46531,-1.68511,34.7,0.0969746
-52.6907,-19,36.7562,5.27371e-27
-18.9153,10.6118,35,2.94101e-26
-20.6029,10.6672,31.7,9.22177e-26
-19.0335,10.6324,34.7,0.129767
-24.2042,10.7251,24.8853,0.136628
-24.3299,10.6941,24.8114,0.101735
-24.4897,10.6577,24.7387,0.113368
-24.6504,10.6471,24.7775,0.136191
-24.801,10.6593,24.7432,0.11023
-24.939,10.6276,24.7043,0.0902044
-25,10.5486,24.7007,0.164834
-31.4297,3.68746,27.5,9.38506e-26
-37,-2.25653,29.9251,4.08589e-26
-42.5,-8.12555,32.3196,7.69159e-26
-15.7639,10.062,43,0.0383634
-17.2608,10.3232,39.2,5.88202e-26
-1.76517,-13.9878,93.8,1.93518e-25
-50,-27.1228,35.2578,1.92558e-25
-1.0625,-14.0062,91.3,5.52908e-26
12.5131,-14.3616,43,0.0241205
-6.11227,-17.2607,28.5649,2.71488e-26
-30.2166,-22.6772,32.2408,2.65159e-26
-29.204,-22.4496,32.0864,6.97021e-26
17.4888,-11.9616,24.925,0.0714925
17.4297,-11.9817,24.9562,0.0437364
17.362,-11.9964,24.9678,0.0500282
17.289,-12.0067,24.9937,0.0931514
17.2646,-12.0076,25,0.0149815
0.871047,-15.6914,27.5,1.57415e-25
-5.00592,-17.0121,28.3962,2.70159e-26
-31.1239,-22.8811,32.3792,2.49563e-26
12.7864,-14.0399,39.2,5.35384e-26
13.1101,-13.659,34.7,0.0927624
1.00349,12.8446,93.8,2.03439e-25
-50,7.12774,18.4086,1.55178e-25
0.046957,13.2209,91.3,5.58796e-26
-30.5463,14.794,29.0405,2.9195e-26
-25.68,16.7117,31.7,2.88489e-26
-20.1044,18.8815,34.8846,0.0254318
-20.139,18.872,34.7903,0.0299218
-20.1851,18.8771,34.7028,0.0277226
-20.1907,18.8749,34.7,0.00133793
-31.5338,14.4049,28.5008,2.96848e-26
-35.1947,12.9622,26.5,5.98824e-26
-18.4332,20.4913,43,0.0400408
-19.2268,19.7389,39.2,5.60916e-26
2.14357,-13.2803,93.8,2.15416e-25
1.28812,-13.576,91.3,6.15475e-26
-15.2393,-19.2895,43,0.0280998
-17.8791,-19.8493,34.7,0.186607
-21.5815,-20.9959,24.9178,0.0801488
-21.7049,-20.9773,24.7219,0.177735
-21.7644,-20.9429,24.5553,0.106142
-21.8405,-20.8324,23.9797,0.423308
-21.8606,-20.8605,23.4649,0.368834
-21.9226,-20.8475,23.2533,0.840324
-21.8845,-20.8418,23.2505,0.37162
-21.6135,-20.9927,24.8435,0.010331
-21.6127,-20.9928,24.8431,0.0364607
-16.4479,-19.5458,39.2,6.08308e-26
-7.17764,-11.6294,93.8,2.03794e-25
-14.9895,-50,33.9588,2.01121e-25
-7.53632,-11.6157,91.3,5.82269e-26
-14.4661,-11.3518,43,0.0217803
-15.4707,-11.2413,34.7,0.0955593
-15.4344,-11.2453,35,2.90223e-26
-15.8588,-30.7539,29.4543,3.0236e-26
-16.0727,-11.353,31.8453,8.40037e-26
-17.4939,-11.6347,24.5396,0.29395
-17.037,-11.5207,24.7693,0.795094
-16.7361,-11.3612,25,0.495586
-16.7125,-11.6273,24.9585,0.19046
-16.7184,-11.7223,25,0.0808567
-15.8093,-31.8494,29.7107,2.94262e-26
-15.5766,-37,30.9162,2.87316e-26
-15.3282,-42.5,32.2034,8.63548e-26
-14.926,-11.3012,39.2,5.80445e-26
10.801,-0.512301,93.8,2.06935e-25
1.7212,-2.57568,43,0.0407136
-0.20061,-5.73698,24.6584,0.228302
-0.00877926,-6.17811,24.6478,0.66153
-0.000929844,-6.18446,24.6229,0.292685
0.683832,-4.19385,34.7,0.081195
0.721327,-4.13536,35,2.98321e-26
0.401102,-4.66344,31.7,8.85417e-26
20.1993,50,42.1509,2.2907e-25
13.345,45.6741,39,1.4624e-25
-18.7707,21.7476,34.7,0.089111
-20.9019,24.5445,24.5654,0.429748
-20.5668,24.703,24.0736,0.607964
-20.0116,24.7782,23.7844,0.548117
-19.4576,24.9665,23.9154,0.556714
-19.4124,25,23.9416,0.0337235
-11.1429,30.2191,27.743,6.30767e-26
-0.79481,36.7501,32.5,4.10196e-26
-16.7548,19.2824,43,0.0292213
-17.6777,20.411,39.2,6.28193e-26
-20.7243,23.1094,34.7,0.106079
-24.1613,22.2042,24.4441,0.577667
-24.4174,22.2905,23.9245,0.483354
-24.6454,22.1105,23.4529,0.860948
-24.97,21.6402,23.177,0.462721
-25,21.6232,23.177,0.0210165
-17.765,19.9006,43,0.0516114
-19.1199,21.3697,39.2,6.55949e-26
8.98057,-6.08658,93.8,2.22056e-25
-11.0318,-13.4578,43,0.0423541
-10.4422,-13.2407,44.4967,1.27926e-26
-15.0148,-15.2036,34.7,0.118394
-20.4389,-17.7475,24.4384,0.448246
-21.04,-17.7264,24.0779,0.565326
-21.2679,-17.7281,23.8926,0.209096
-21.7027,-17.5853,23.5069,0.855153
-22.2028,-17.7611,23.0353,0.748956
-22.2488,-17.7016,23.0391,0.580539
27.432,39.4507,63.6309,0.0367294
-12.8554,-14.2571,39.2,6.60088e-26
11.4443,-2.19835,93.8,1.95511e-25
50,-5.03793,45.4599,2.33293e-25
40.0269,-7.9034,38.7,9.83389e-26
17.7082,-10.8189,43,0.0190883
19.7744,-13.8642,24.8936,0.0895519
19.7113,-13.8965,24.7365,0.12102
19.748,-13.7774,24.8376,0.226343
19.7786,-13.7054,24.958,0.105625
19.8148,-13.7107,25,0.037923
19.8449,-15.7199,23.8947,0.050303
19.8378,-15.724,23.887,0.168136
30.0221,-10.778,31.9187,3.3533e-26
18.29,-11.4556,39.2,5.60394e-26
42.5,-7.19283,40.3763,5.78384e-26
29.016,-11.067,31.2367,3.31764e-26
18.9378,-12.1667,34.9646,0.00954905
18.9776,-12.2139,34.7,0.0833257
-0.395515,9.96105,97.9492,9.28431e-26
27.687,-50,44.2541,2.41176e-25
26.3584,-42.5,38.6445,9.09891e-26
16.6191,-15.8719,43,0.0227247
22.8313,-23.5295,24.7417,0.307862
22.9746,-23.7742,24.8078,0.223449
23.0231,-23.9139,24.8393,0.0917153
23.1226,-24.2417,24.9873,0.463914
23.1267,-24.2573,25,0.020023
23.0335,-23.9639,24.8513,0.0083498
23.033,-23.9641,24.852,0.0341835
24.2399,-30.5411,29.6999,3.57491e-26
17.6843,-17.6785,39.2,6.48079e-26
24.0588,-29.519,28.9355,3.66016e-26
18.9456,-19.818,34.7,0.144715
0.683679,-9.93266,95.6171,1.68064e-25
12.95,12.5244,43,0.0293185
15.592,16.0869,34.7,0.0821765
18.5771,20.8859,24.8805,0.0903971
18.5814,20.8907,24.8728,0.00475991
18.8131,20.9081,24.2906,0.517535
18.9592,20.7725,24.088,0.224783
19.2085,20.2699,23.7431,0.510787
19.0035,19.8024,23.7995,0.384324
18.89,19.577,23.8343,0.208558
18.6771,19.4122,23.8971,0.99949
18.6742,19.4581,23.8962,0.416965
18.8213,19.5412,23.8573,0.050303
18.8212,19.5412,23.8573,0.00251362
18.9932,19.6874,23.7746,0.050303
18.9932,19.6874,23.7746,0.00517489
19.0959,20.6805,24.0264,0.007947
19.0957,20.6803,24.0255,0.0373111
19.3352,21.6453,20.8007,0.0233494
14.1596,14.1554,39.2,6.61028e-26
-13.4677,10.3443,44.6874,6.83273e-27
-43.9203,19,37.2124,2.8156e-26
-30.9601,17.1726,29.279,3.32363e-26
-18.0996,13.6009,34.7,0.12321
-22.7873,16.2411,24.437,0.617288
-23.4889,16.3704,24.2528,0.590388
-23.7163,16.2497,24.8364,0.459155
-23.9698,16.1869,25,0.234585
-32.0098,17.3206,29.9216,3.41299e-26
-36.222,17.9145,32.5,7.46887e-27
-14.0674,10.82,43,0.0338459
-15.9134,12.0932,39.2,6.79572e-26
-9.72446,2.22581,96.4272,1.19716e-25
-2.96218,-0.868663,43,0.0214435
-1.24594,-6.13769,24.892,0.229907
-1.25763,-6.25997,24.8212,0.310663
-1.29925,-6.39221,24.7964,0.0968527
-1.2968,-6.5352,24.8015,0.116972
-1.31536,-6.67227,24.841,0.107343
-1.31487,-6.78303,24.8806,0.0802334
-1.32303,-6.78798,24.8834,0.0621719
-1.32348,-6.78832,24.8829,0.0320111
-1.62898,-6.71152,24.3644,0.010331
-1.62994,-6.71154,24.3631,0.0505342
-1.09962,-1.79892,34.7,0.0866559
9.91123,0.901263,99.5843,3.73323e-26
-2.69819,-12.2003,100.8,1.99555e-25
-3.53547,-12.8404,93.3,5.70156e-26
-15.6567,-14.3051,43.0077,0.0223005
-15.6582,-14.308,43,0.00213403
-8.93873,-16.9709,44.9,1.05479e-25
-17.3261,-17.8256,34.9079,0.0422606
-17.3024,-17.8627,34.812,0.0360382
-17.2588,-17.8529,34.7264,0.0644086
-17.245,-17.8481,34.7,0.0197532
-9.93231,-17.7305,36,2.85078e-26
-10.0774,-17.8414,34.7,8.55234e-26
-11.1959,-18.6445,24.9759,0.0231377
-11.1785,-18.6612,24.98,0.0139196
-11.1604,-18.6692,24.9994,0.0161359
-11.1603,-18.6692,25,1.12372e-05
-16.449,-15.9658,39.2,6.05254e-26
-9.35179,-17.2867,41.2,5.70156e-26
-38.6533,50,48.5218,2.88349e-25
-32.0432,39.4413,38.7,8.85666e-26
-33.9581,42.5,41.5453,1.52895e-26
-25.4258,28.8709,28.8673,3.4472e-26
-18.585,19.6677,34.7,0.0841702
-21.6745,23.8301,24.6171,0.235905
-21.7865,23.8317,24.2868,0.222118
-22.1935,23.9175,24.4284,0.415743
-22.4293,24.133,24.6191,0.237782
-22.6476,24.4083,24.6904,0.242136
-22.7816,24.6602,24.9546,0.280893
-22.8232,24.7134,25,0.0639174
-25.8926,29.6164,29.5608,3.07113e-26
-27.8706,32.7761,32.5,6.79075e-27
-16.8438,18.3337,43,0.03284
-17.641,18.9445,39.2,5.85643e-26
-33.7257,42.1288,41.2,8.85666e-26
15.1248,14.0295,43,0.027103
17.2583,17.3804,34.7,0.116099
21.0261,20.5778,24.6062,0.33195
21.2749,20.8509,24.1645,0.393821
21.4786,21.3376,23.9158,0.413326
21.6994,21.9431,23.9524,0.455437
21.5568,22.4054,24.0134,0.354995
21.4434,22.6353,24.1492,0.209322
20.9885,22.7961,24.1363,0.408818
20.8495,23.065,24.1816,0.229531
20.8051,23.1195,24.2077,0.260555
20.8086,23.1068,24.1976,0.21399
20.7618,24.3478,23.6202,0.0083498
20.765,24.3507,23.6182,0.0996153
16.1016,15.5636,39.2,6.43124e-26
16.6054,12.6535,43,0.0310442
20.0707,13.1711,34.7,0.126379
24.2358,14.2037,24.5956,0.369451
24.3434,14.4305,24.4208,0.206956
24.3529,14.6341,24.0426,0.365088
23.9744,14.7983,23.889,1.51059
23.9746,14.8114,23.8849,0.190234
18.1919,12.8905,39.2,6.24429e-26
-7.49796,10.6237,93.8,2.38538e-25
-50,43.752,43.5122,3.88335e-25
-35.6607,28.2023,38.7,3.30615e-25
-8.09183,10.7734,91.3,6.81536e-26
-27.6153,19.4778,36,1.65307e-25
-24.5951,16.1907,34.9866,0.00398537
-24.605,16.2081,34.9832,0.00665845
-24.6182,16.2259,34.9884,0.00648182
-24.6302,16.2406,34.9973,0.00732279
-24.6355,16.2465,35,0.00228849
-19.5486,13.6677,43.0729,0.00796933
-19.5548,13.6763,43.0481,0.0315424
-19.5606,13.6916,43.0217,0.0162913
-19.5611,13.6963,43,0.00618973
-21.9473,14.8774,39.2,8.63535e-26
-42.5,35.6189,40.9952,2.96767e-25
-40.801,4.88817,38.7,1.12926e-25
-30.6465,15.1678,30.8303,3.68672e-26
-19.491,18.8946,34.7,0.0836485
-23.0025,22.85,24.8757,0.082671
-23.0989,22.8017,24.9793,0.125081
-23.1234,22.7836,25,0.0265041
-31.5043,14.2995,31.4951,3.5535e-26
-16.1421,15.5534,43,0.0321004
-17.6753,17.0831,39.2,6.25709e-26
-44.0269,1.62258,41.2,1.12926e-25
-11.8126,-18.6248,43,0.0275053
-12.7987,-20.2877,34.7,0.105487
-12.4309,-23.3561,24.7233,0.44715
-12.4475,-23.471,24.3987,0.274381
-12.3712,-23.5164,24.0583,0.224329
-12.3715,-23.5423,23.9126,0.104487
-12.3771,-23.4962,23.7787,0.0730236
-12.3861,-23.4228,23.6649,0.867537
-12.264,-19.3861,39.2,5.83554e-26
8.38145,10.4709,93.8,1.88693e-25
16.0592,13.5651,43,0.0232312
50,29.9287,32.3004,2.0134e-25
8.75929,10.6232,91.3,5.39122e-26
29.416,21.9624,33.9465,1.36689e-25
19.748,18.1056,34.8707,0.0455287
19.8592,18.2195,34.7783,0.06357
19.9804,18.3089,34.7014,0.0449949
19.9937,18.3159,34.7,0.00270091
30.4199,22.351,33.8662,2.75371e-26
17.7725,15.6971,39.2,6.55908e-26
8.12985,6.63612,93.8,2.27255e-25
-17.5935,20.4812,34.7,0.107738
-20.9696,22.3346,24.8448,0.132808
-21.3601,22.3284,24.3139,0.505029
-21.6237,22.4709,23.8771,0.3986
-21.6242,22.4978,23.8253,0.0306506
-21.4809,22.6875,23.475,0.355062
-21.3038,22.687,23.4065,0.140487
-21.1364,22.5993,23.3688,0.504297
-21.1536,22.6235,23.3831,0.333664
-21.8418,22.485,23.1913,0.050303
-21.8418,22.485,23.1913,0.00725329
-22.1986,21.9795,22.1627,0.010331
-22.1998,21.975,22.1586,0.115272
-14.1962,18.7345,43,0.0389548
-15.7516,19.5342,39.2,6.39023e-26
8.98238,-4.95748,93.8,2.01711e-25
10.6751,16.3326,43,0.0351567
50,27.4096,35.6684,1.95064e-25
12.0979,21.7607,31.7,1.89447e-26
12.2472,20.5122,34.8053,0.0869379
12.2586,20.576,34.7,0.038854
28.5896,25.7848,29.6784,3.31886e-26
11.7526,24.4332,24.9522,0.0370827
11.7869,24.4596,24.9353,0.0321473
11.8173,24.4954,24.9584,0.0341133
11.8566,24.5156,24.9926,0.0315726
11.867,24.5157,25,0.00688532
29.6425,25.8647,29.973,2.93428e-26
38.6749,26.5501,32.5,1.25522e-25
11.4214,18.2518,39.2,6.04501e-26
-13.9139,-13.3958,43,0.024163
-17.817,-16.578,34.7,0.11288
-23.8826,-19.3452,24.9782,0.0138494
-24.3558,-19.3907,24.5579,0.495297
-24.9595,-19.4104,24.2173,0.625625
-25,-19.3869,24.2161,0.0261473
-15.7008,-14.8527,39.2,6.82281e-26
-17.9798,11.3119,35,2.95208e-26
-18.0659,11.3283,34.7,0.0789078
-23.587,12.7151,24.6481,0.308811
-23.5177,12.7244,24.3517,0.264188
-23.5038,12.6717,24.1701,0.154315
-23.4928,12.6361,24.1011,0.0550317
-23.493,12.6635,23.793,0.297965
-23.474,12.8208,23.7295,0.178563
-23.5847,12.8704,23.7549,0.815145
-21.7081,19.7103,24.8081,0.00464459
-21.3648,9.71373,21.6719,0.0258425
-15.6816,10.876,43,0.0361922
-16.7732,11.083,39.2,5.90416e-26
7.65884,6.35487,99.962,2.59817e-26
50,49.9626,39.4052,4.06184e-26
48.1754,49.3228,39,5.3288e-25
-18.1946,22.1497,34.7,0.108834
-21.0599,24.5522,24.7411,0.283774
-21.2137,24.521,24.4995,0.231592
-21.3606,24.5697,24.2252,0.328581
-21.3263,24.6483,24.0732,0.122619
-21.3069,24.8121,23.8494,0.187274
-21.2675,24.9651,23.5841,0.298207
-21.1833,25,23.5963,0.0632249
-21.5112,24.583,23.9921,0.050303
-21.5118,24.5812,23.9909,0.0617835
-3.60585,31.1641,27.5,1.33079e-25
13.0358,37,31.1959,8.42796e-26
18.9077,39.0592,32.5,1.33079e-25
-14.1109,20.5667,43,0.035594
-15.9805,21.2915,39.2,6.37438e-26
28.8572,50,43.9891,2.35805e-25
17.532,13.235,43,0.0230201
26.9672,42.5,38.671,9.50622e-26
19.7085,16.9307,34.7,0.107426
23.7672,29.8016,29.6668,3.24207e-26
21.585,21.7822,24.6892,0.32256
21.5292,22.0413,24.5176,0.341598
21.7319,22.3649,24.5182,0.287841
21.8624,22.6768,24.5888,0.279837
22.0435,22.9697,24.7227,0.281007
22.1042,23.1999,24.9842,0.391813
22.1087,23.22,25,0.0175623
23.9868,30.673,30.2847,2.98025e-26
18.5284,14.927,39.2,6.38143e-26
17.5688,-15.0717,43,0.0286547
23.1682,-17.6879,24.7882,0.165583
23.3339,-17.7498,24.6344,0.150502
23.4024,-17.8065,24.383,0.200782
23.5072,-17.8689,24.1161,0.242171
23.6063,-17.8793,23.6095,0.752308
23.6064,-17.8819,23.6055,0.0990992
18.4391,-15.2719,39.2,5.71287e-26
19.4698,-15.5089,34.7,0.0863012
-9.17534,3.94554,96.047,1.35521e-25
0.831365,-1.2746,43.0354,0.0194686
0.852078,-1.27751,43,0.0120823
14.3077,-50,36.9362,2.25669e-25
8.86252,-10.7573,24.9887,0.0125161
8.88118,-10.7591,24.9799,0.0185964
8.89725,-10.7628,24.9911,0.00995905
8.90989,-10.7688,24.9956,0.0129688
8.9245,-10.7783,24.9975,0.0121081
8.92656,-10.7956,25,0.0119903
8.92656,-10.7957,25,1.80527e-05
7.11872,-7.93225,28.1602,4.18101e-26
8.02906,-9.4127,26.5,4.26764e-26
11.6284,-30.4799,30.9931,3.81895e-26
11.4658,-29.2953,30.6324,4.35611e-26
3.2599,-2.07272,34.9541,0.0149481
3.28852,-2.06351,34.8996,0.033875
3.32351,-2.05401,34.8521,0.0395361
3.3883,-2.04362,34.8011,0.0215843
3.45031,-2.04257,34.7826,0.0130538
3.50971,-2.05298,34.7585,0.0206455
3.52951,-2.09484,34.7065,0.0193934
3.53268,-2.10046,34.7,0.00359645
6.54257,-6.99529,29.2109,4.06888e-26
5.1777,-4.77567,31.7,1.28029e-25
1.16854,1.56823,43,0.0273512
-1.41199,-1.20862,24.8755,0.0913116
-1.49819,-1.23694,24.7857,0.0922293
-1.57168,-1.30437,24.7038,0.0885564
-1.6372,-1.41816,24.6044,0.202762
-1.67135,-1.54512,24.4983,0.125336
-1.66567,-1.626,24.4566,0.0537419
-1.66703,-1.62787,24.4563,0.0635393
0.642316,-0.349987,34.7,0.143101
13.1085,-4.3581,93.8,2.15962e-25
20.6333,14.364,43,0.0307005
13.4788,-3.43674,91.3,6.17034e-26
21.2884,17.2486,34.7,0.0948273
22.6667,21.3965,24.6153,0.344301
22.8725,21.5712,24.1849,0.518889
22.9188,21.6988,23.681,0.417044
23.0047,22.1054,23.1496,0.582393
23.0999,22.0501,23.2208,0.847567
20.9332,15.6847,39.2,6.08517e-26
10.5643,-7.38874,93.8,2.17363e-25
13.5042,11.6591,43,0.0252788
13.8396,14.119,34.7,0.0836969
15.4649,16.6808,24.7764,0.165449
15.7584,16.8788,24.3553,0.449366
15.5741,16.6941,23.7356,0.629197
15.6384,16.4375,23.8539,1.46364
13.6577,12.7853,39.2,6.05876e-26
3.59288,10.995,93.8,2.0991e-25
-0.569329,0.897024,43.0599,0.0142797
-0.58499,0.885694,43.0184,0.0226428
-0.58926,0.882669,43,0.00353472
-18.0028,-5.85757,32.7612,7.3076e-26
-28.0542,-9.47344,31.2005,5.95343e-26
-24.8374,-8.31623,31.7,2.19676e-25
-29.4985,-9.99303,30.9763,4.76462e-26
-37,-12.6916,29.8116,3.29881e-26
-4.25116,-0.891091,34.968,0.0204975
-4.2709,-0.911555,34.9285,0.0125197
-4.30698,-0.922652,34.9051,0.010544
-4.34455,-0.938833,34.8859,0.0101888
-4.36172,-0.950365,34.8791,0.00620245
-4.22821,-0.882567,35,2.46797e-26
-9.23453,-2.7033,34.1225,3.09467e-26
-8.20279,-2.33214,34.2827,8.86541e-26
13.5049,13.9993,43,0.0297798
15.9238,14.3892,34.7,0.0907312
19.6401,13.594,24.7715,0.180817
19.7944,13.5519,24.4862,0.230191
19.8243,13.5461,24.4335,0.0415063
20.0968,13.4064,24.4574,0.242318
20.3822,13.3372,24.4192,0.274225
20.3709,13.5683,24.3802,0.247749
20.416,13.6304,24.3213,0.688533
14.6123,14.1778,39.2,5.90545e-26
50,5.48929,37.2222,2.82445e-25
14.6593,-14.9482,43,0.0320882
21.8175,-20.7468,24.6273,0.49736
22.2072,-20.8017,24.7533,0.26913
22.5891,-20.727,24.7444,0.346612
22.9404,-20.5906,24.9125,0.289768
23.1705,-20.4705,24.9883,0.211566
23.209,-20.4299,25,0.0691531
23.1924,-20.4544,24.9863,0.050303
23.193,-20.454,24.9857,0.0370718
31.0429,-12.851,28.5738,3.08759e-26
37,-7.08768,31.2915,4.03492e-26
39.649,-4.52489,32.5,8.84455e-26
16.2779,-16.1546,39.2,6.44396e-26
30.2776,-13.5913,28.2247,3.32185e-26
18.1946,-17.5832,34.7,0.0822549
10.7514,-18.3912,31.7,2.06264e-26
29.4567,-21.5226,32.6217,8.58596e-26
10.9339,1.46436,93.8,1.9902e-25
50,-25.9472,39.5702,4.37988e-26
42.5,-24.3319,37.0334,3.10578e-26
48.3143,-25.5842,39,1.67445e-25
12.7198,-16.4894,43,0.0258088
6.7282,-16.9125,24.9738,0.0207136
6.70754,-16.8875,24.9485,0.0256249
6.69721,-16.8594,24.9325,0.0188772
6.68469,-16.8243,24.9162,0.0328857
6.69254,-16.788,24.9068,0.027964
6.73975,-16.7555,24.9137,0.0482172
6.77239,-16.7242,24.9254,0.0317686
6.79466,-16.687,24.937,0.0481181
6.81895,-16.6651,24.9556,0.0493166
6.84987,-16.6623,24.9765,0.0301703
6.88051,-16.6597,24.9951,0.0344983
6.91014,-16.6683,24.9994,0.0318415
6.92306,-16.6693,25,0.0110395
12.6511,-17.6936,39.2,5.62951e-26
30.4573,-21.7381,32.9601,2.99738e-26
12.5887,-19.0436,34.8705,0.0404031
12.5702,-19.0569,34.7573,0.0592556
12.5384,-19.0498,34.7,0.0196602
8.21946,-8.9763,93.8,2.0267e-25
-7.82716,50,39.4845,3.33014e-26
11.8156,12.3507,43,0.0325205
-6.97763,48.871,39,2.18208e-25
11.6876,11.5917,44.8079,2.66523e-27
13.4093,14.7843,34.8429,0.0383457
13.4194,14.7942,34.7,0.043983
9.10824,27.4935,29.8256,2.91006e-26
17.4395,16.0081,24.9605,0.0683959
17.4469,16.0218,24.9145,0.0246986
17.4593,16.0543,24.8779,0.0372425
17.4927,16.104,24.8663,0.106868
17.5376,16.1498,24.8959,0.0461272
17.5723,16.1774,24.9265,0.0548796
17.5758,16.2051,24.9622,0.0469148
17.5722,16.2352,24.9919,0.0579124
17.5692,16.2492,25,0.0118384
8.50544,28.2946,30.1694,2.90873e-26
12.5638,13.4991,39.2,5.66882e-26
-9.28393,-4.30485,93.8,2.15788e-25
-26.7745,50,42.2089,1.6027e-25
-26.3053,42.5,37.4242,3.73335e-26
-26.4598,44.97,39,6.4791e-26
-25.4515,28.8529,28.7178,3.90199e-26
-21.2841,15.2914,34.7,0.0979641
-23.5388,20.1536,24.6305,0.305475
-23.8758,20.5137,24.5409,0.399683
-24.1141,20.9348,24.3953,0.48827
-24.3425,21.2774,24.1714,0.350588
-24.7675,21.538,24.0886,0.382789
-25,21.6348,24.113,0.258454
-25.5129,29.8335,29.3434,3.22503e-26
-25.8224,34.7814,32.5,6.96836e-27
-19.538,12.4765,43,0.0260998
-20.3374,13.7653,39.2,6.1883e-26
22.6549,-29.0496,34.5277,1.40652e-25
-9.61644,-2.58191,96.445,1.37352e-25
29.1536,-50,33.8312,1.99001e-25
19.4152,-19.6778,43,0.106817
20.1407,-21.3955,39.2,5.97024e-26
22.9596,-30.0316,34.495,2.65446e-26
20.9644,-23.3561,34.9106,0.0199567
20.9678,-23.4546,34.8455,0.0276059
20.9815,-23.59,34.7997,0.0500262
20.9953,-23.6924,34.7528,0.0267015
21.0259,-23.8019,34.7171,0.0339768
21.0471,-23.8663,34.7,0.0180696
-12.6147,-16.3865,43,0.050864
-12.5598,-19.4084,34.7,0.106498
-13.3782,-22.8751,24.4862,0.774823
-13.2526,-23.2135,24.0715,0.403243
-13.0544,-23.3807,23.7207,0.379281
-12.8179,-23.5439,23.6981,1.45841
-12.5895,-17.77,39.2,6.15475e-26
-16.6782,21.8361,34.7,0.0841054
-15.2781,21.9444,24.8706,0.0711908
-15.2488,21.9072,24.7335,0.109905
-15.2248,21.8602,24.6186,0.0975279
-15.2117,21.8288,24.5414,0.0676975
-15.3108,21.7646,24.3507,0.170048
-15.3559,21.9241,24.105,0.2556
-15.7526,21.9891,24.0478,0.386198
-15.7683,21.9841,24.0458,0.214461
-15.7102,20.4757,43,0.0305828
-16.1534,21.0985,39.2,5.54618e-26
-4.68938,12.867,93.8,2.0301e-25
2.27434,0.547398,43,0.0264385
33.321,42.5,36.8,1.74011e-26
37.7488,50,38.6582,3.01934e-25
-4.34668,12.2607,91.3,5.80029e-26
24.7752,28.0246,33.2135,1.90274e-25
12.614,7.42496,28.1098,3.7579e-26
25.3065,28.9244,33.4365,3.69648e-26
5.40572,-4.91505,24.751,0.188838
5.42741,-4.92555,24.7268,0.0236839
5.46239,-5.14409,24.6433,0.196432
5.30242,-5.13408,24.7629,0.169106
5.22117,-5.15167,24.9498,0.204472
5.20403,-5.1265,25,0.219779
11.161,4.9639,27.5,1.74093e-25
12.0185,6.41626,27.8598,3.72197e-26
3.65286,-1.62075,34.7,0.0769622
4.157,-2.61326,31.7,8.92326e-26
-13.417,20.6731,34.7,0.0804415
-13.4361,21.7665,24.5614,0.330445
-13.7539,21.7238,24.3211,0.298058
-14.1469,21.8118,24.079,0.381739
-14.5378,21.6787,23.7386,0.412048
-15.1446,21.451,23.5703,0.81932
-15.4671,21.3841,23.6516,0.220126
-15.505,21.3709,23.6777,0.428294
-16.5404,21.4375,22.9178,0.050303
-16.5418,21.4377,22.9199,0.0665877
-12.0491,18.7601,43,0.0238815
-12.6754,19.6359,39.2,5.96791e-26
11.2198,-16.752,32.9906,4.95297e-26
10.2824,-19.2114,34.7,9.2569e-26
-3.02067,-10.623,93.8,1.94843e-25
10.3726,-16.6424,43,0.0881842
7.95841,-17.3532,44.9,1.02656e-25
13.4687,-14.1501,24.9085,0.0891585
13.4052,-14.085,24.8953,0.0647092
13.327,-14.0432,24.8857,0.0625005
13.2508,-14.0256,24.8856,0.0464299
13.1736,-13.9934,24.8734,0.0582256
13.1059,-13.9514,24.8907,0.0416036
13.0254,-13.9226,24.8769,0.0796689
12.9463,-13.9227,24.8878,0.0442208
12.847,-13.9448,24.9108,0.0803289
12.7869,-13.9729,24.9664,0.0563282
12.7354,-14.0366,24.9889,0.0592188
12.7288,-14.0431,25,0.00648119
10.5405,-16.9424,39.2,5.36188e-26
8.80033,-18.0591,41.2,5.54897e-26
10.7261,-17.2739,35,2.68094e-26
9.98356,-19.0511,36,2.77449e-26
10.7394,-17.2976,34.7,0.0873211
10.2518,-19.276,34.8211,0.0377839
29.3006,-14.1062,33.3905,1.5852e-25
13.5839,6.65418,93.8,1.97706e-25
50,-15.4518,30.9172,1.876e-25
13.8037,5.77309,91.3,5.64874e-26
18.0488,-11.2496,43,0.0248861
42.5,-14.9643,31.8133,1.54015e-25
18.0895,-12.253,39.2,5.49135e-26
30.4354,-14.18,33.2549,2.89614e-26
18.1759,-13.4484,34.7824,0.0622175
18.3413,-13.3937,34.7,0.0707791
4.53397,13.5207,93.8,2.03336e-25
-13.9335,-50,32.9619,1.87519e-25
3.49462,13.6963,91.3,5.80961e-26
-16.3957,-6.01153,27.5384,8.33231e-27
-15.0231,-30.5345,30.5619,2.60002e-26
-19.9362,18.3005,34.7,0.118517
-17.9245,14.7715,24.9245,0.0736072
-17.866,14.7338,24.894,0.0467684
-17.7778,14.699,24.9073,0.0767
-17.6823,14.703,24.9484,0.161618
-17.6235,14.6669,24.9923,0.0427647
-17.5489,14.6024,24.9888,0.100452
-17.5481,14.576,25,0.0181957
-16.4131,-5.70049,27.5,2.1727e-25
-14.9586,-31.686,30.7039,2.7078e-26
-14.6612,-37,31.3591,2.67884e-26
-14.3533,-42.5,32.0372,1.16721e-25
-16.5857,17.0885,43,0.038411
-18.1197,17.6434,39.2,5.82165e-26
0.243442,-13.096,93.8,1.99148e-25
-55.5,-13.3457,36.8115,1.15752e-25
0.906239,-13.2898,91.3,5.68993e-26
13.7115,-17.0351,43,0.0335661
-11.9428,-14.8895,35.6858,1.75893e-25
-24.1002,-14.4586,36,1.59438e-27
20.9603,-19.6243,24.8802,0.132223
21.0367,-19.6023,24.8113,0.0721939
21.1102,-19.4673,24.7341,0.181552
21.1745,-19.3111,24.6842,0.106448
21.0976,-19.4026,24.8251,0.171393
20.9714,-19.4277,24.916,0.193258
20.8599,-19.4606,24.997,0.120379
20.858,-19.4599,25,0.0015248
14.3452,-17.4073,39.2,5.58244e-26
5.21159,-15.4975,35.2424,1.69195e-25
15.0956,-17.8482,34.7,0.0843663
14.7701,-15.8854,34.8335,0.0586647
14.7055,-15.8536,34.9429,0.035046
14.5919,-15.83,35,0.0515546
-9.36218,6.47418,93.8,2.18322e-25
-47.2734,-17.0007,38.7,1.05467e-25
-20.4129,-12.5745,43,0.0250377
-21.8155,-15.481,34.7,0.0702594
-30.658,-21.2625,28.332,3.70079e-26
-23.8757,-21.2905,24.6951,0.308185
-23.7174,-21.6684,24.5346,0.293905
-23.7152,-22.0603,24.4357,0.500534
-23.7883,-22.3862,24.4015,0.251682
-24.1072,-22.6088,24.3872,0.326868
-24.52,-22.6318,24.5928,0.417857
-24.7852,-22.6875,24.6778,0.21711
-24.8642,-22.688,24.7262,0.0639008
-25,-22.7138,24.8015,0.106683
-24.812,-22.6977,24.6899,0.0018646
-24.8109,-22.7005,24.6883,0.0806298
-31.6846,-20.9992,28.9726,3.37814e-26
-37.3374,-19.5492,32.5,4.40093e-26
-21.0551,-13.9052,39.2,6.13831e-26
-51.2798,-15.9731,41.2,1.05467e-25
-50,44.2853,44.2025,4.16767e-25
-33.0812,11.012,38.7,3.66127e-25
-17.7036,-10.4324,43,0.0319731
-42.5,29.5355,41.7633,1.0312e-25
-19.9637,-12.2169,34.7,0.096003
-20.2377,-12.0717,34.8115,0.0880294
-20.537,-12.003,34.8673,0.0770163
-20.8447,-11.8807,34.8668,0.102955
-21.1618,-11.8205,34.7911,0.105789
-21.4698,-11.6477,34.795,0.112004
-21.6555,-11.4454,34.9664,0.123493
-21.7047,-11.3616,35,0.0348791
-24.2324,-6.39053,35.8221,1.50494e-25
-18.7384,-11.2494,39.2,5.63418e-26
-40.768,26.1293,41.2,3.66127e-25
5.99969,10.4558,93.8,2.02226e-25
50,24.605,40.4818,7.77182e-26
16.1748,12.3463,43,0.0337686
47.5268,23.6229,39,1.52543e-25
18.3389,12.6002,34.7,0.171948
31.0611,17.0844,29.1347,3.44841e-26
22.9064,13.9835,24.754,0.207569
23.1766,13.941,24.5607,0.401391
23.5574,13.9572,24.5127,0.263794
23.7659,14.1911,24.6656,0.265915
24.0462,14.2345,24.8468,0.393973
24.16,14.3439,25,0.140036
32.0103,17.4613,29.7034,3.19841e-26
36.6779,19.3148,32.5,2.2845e-26
17.1656,12.4625,39.2,5.85026e-26
-5.45382,-9.63297,93.8,2.10247e-25
11.9424,-13.8517,43,0.0290143
21.2623,-14.5317,24.7382,0.212171
21.316,-14.4323,24.4006,0.411607
21.2498,-14.2985,24.1203,0.272428
21.1079,-14.1848,24.0795,0.12157
21.0591,-14.1466,23.9971,0.718908
21.4497,-13.3742,24.91,0.050303
21.453,-13.3731,24.9121,0.0888242
21.2076,-14.2762,22.7879,0.142507
13.576,-14.1503,39.2,6.18013e-26
15.5104,-14.5039,34.7,0.077248
6.98841,-10.881,93.8,2.07861e-25
2.0365,-0.414029,43,0.0228277
2.21606,3.34104,24.4335,0.444552
2.45785,3.1477,23.9355,0.824763
2.53798,2.97543,23.7913,0.175294
2.61327,2.76319,23.7834,0.390494
2.62349,2.65966,23.8603,0.839618
2.91547,2.03267,24.2139,0.050303
2.91517,2.03165,24.2144,0.0416757
1.47157,1.71387,34.7,0.128944
2.77278,-12.0686,93.8,1.9676e-25
-50,-11.9321,16.7512,2.17854e-25
-14.5218,-15.7738,43,0.0209335
-19.102,-14.5934,34.8887,0.212257
-19.311,-14.5323,34.7479,0.199437
-19.3864,-14.4927,34.7,0.0228225
-30.3991,-13.5716,28.2432,3.26755e-26
-24.5033,-14.0647,31.7,1.97219e-26
-19.9489,-13.7412,24.8405,0.0072427
-19.949,-13.7407,24.8407,0.0250066
-31.26,-13.4996,27.7385,2.67919e-26
-33.3724,-13.3229,26.5,5.30819e-26
-16.6561,-15.2191,39.2,6.13823e-26
-10.2738,-3.89856,93.8,2.34742e-25
41.6769,50,35.6059,4.44054e-25
26.9972,37.8369,30.9993,0.00616367
26.9998,37.8389,31,0.00315836
-10.4189,16.3453,35,3.45764e-26
-5.05948,19.5145,34.2546,4.30549e-26
-6.07002,18.9369,34.3572,1.50862e-25
14.1677,30.5053,32.3008,2.13794e-25
-10.4178,16.3472,34.9765,0.00484903
-10.4125,16.3533,34.9565,0.00798736
-10.4129,16.3596,34.9343,0.00876796
-10.4151,16.3763,34.9138,0.00647435
-10.424,16.3888,34.8834,0.00944508
-10.4221,16.3978,34.8446,0.0144161
-10.4074,16.4193,34.8204,0.018824
-10.3897,16.4346,34.8088,0.010359
-10.376,16.4545,34.7996,0.00699337
-10.3684,16.4788,34.7899,0.012788
-10.3553,16.4922,34.7851,0.00617226
-10.3349,16.5012,34.7878,0.00907864
-10.3274,16.5033,34.7899,0.00393287
16.6764,31.9393,32.0458,1.12203e-25
25.0608,36.7321,31.1938,5.72787e-26
31.7797,41.7994,32.5,1.67493e-25
-11.4498,14.1584,43.0667,0.0119306
-11.4415,14.1769,43.043,0.0111178
-11.4334,14.1887,43.0174,0.0282136
-11.4279,14.1973,43,0.00897126
-10.9486,15.2176,39.2,6.91528e-26
-7.43769,7.79261,93.8,8.74014e-26
-20.9791,16.9237,34.7,0.0851334
-22.2362,19.5301,24.4786,0.409298
-22.0634,19.8056,24.0162,0.414371
-22.0736,20.1958,23.6099,0.628395
-22.0676,20.2233,23.6026,0.0124506
-21.9507,20.3441,23.5387,0.475894
-21.9434,20.3078,23.5363,0.361647
-19.8482,18.0956,23.9982,0.0083498
-19.8475,18.0789,23.9937,0.220008
-19.7099,15.5599,43,0.0424208
-20.291,16.1843,39.2,5.91274e-26
-37.3255,-50,44.6973,2.3624e-25
-32.8441,-40.3019,38.7,1.09149e-25
-18.7378,-12.6629,43,0.0506024
-20.5597,-14.7093,34.7,0.0808733
-26.9147,-27.4705,30.7651,3.23586e-26
-22.1141,-17.511,24.8576,0.091876
-22.1638,-17.5136,24.7257,0.130468
-22.2709,-17.544,24.7801,0.105133
-22.2793,-17.6721,24.8475,0.134036
-22.3453,-17.7892,24.8902,0.0961129
-22.4538,-17.9029,24.8887,0.124327
-22.5458,-18.0123,24.922,0.0968145
-22.6005,-18.1293,24.9894,0.125201
-22.6068,-18.1478,25,0.0171885
-27.3534,-28.4198,31.3522,3.09118e-26
-19.5719,-13.5998,39.2,5.73791e-26
-33.8598,-42.5,40.0593,4.68963e-26
12.4862,2.81817,93.8,2.14148e-25
13.6941,17.7384,43,0.0229943
12.5456,3.55243,91.3,2.69043e-26
13.9662,20.1164,34.7,0.0844611
14.9855,23.5247,24.1744,0.655524
15.0994,23.5175,23.3547,0.597988
15.3141,23.5131,22.8038,0.391826
16.0517,23.7871,22.5761,0.732649
16.1266,23.9832,22.4075,1.10689
16.127,23.9751,22.3951,0.199171
16.2769,24.0736,22.4859,0.050303
16.2773,24.0749,22.4853,0.0479726
13.8186,18.8271,39.2,6.10658e-26
-8.22087,-5.67004,98.1137,8.44287e-26
-15.3278,17.6529,34.7,0.0778573
-15.1847,20.2425,24.5448,0.290115
-15.3488,20.7545,24.131,0.750339
-15.3455,20.7637,24.0397,0.664548
-14.4257,14.9283,43,0.0325482
-14.8387,16.1757,39.2,6.19354e-26
6.61367,-11.9031,93.8,2.22585e-25
5.52527,-11.8369,91.3,6.35957e-26
-15.5025,-10.5581,43,0.0619902
-19.1429,-10.9959,34.8206,0.0505305
-19.1876,-10.9914,34.7,0.0277031
-19.0731,-10.99,35,3.1932e-26
-20.2591,-10.9106,31.7,8.88159e-26
-22.6986,-10.7737,24.7644,0.161917
-22.7381,-10.7386,24.4817,0.190042
-22.757,-10.7522,24.2937,0.12788
-22.9886,-10.9974,24.0075,0.951463
-23.1262,-11.1518,24.1067,0.189305
-23.1551,-11.5978,24.2281,0.363903
-22.836,-11.787,24.2927,0.469076
-22.7153,-11.7174,24.3536,0.424073
-22.7087,-11.7751,24.3262,0.52171
-23.3822,-11.3347,24.2544,0.050303
-23.3822,-11.3347,24.2547,0.0150688
-17.1985,-10.7633,39.2,6.3864e-26
-18.53,15.4066,34.7,0.153266
-21.601,19.5826,24.48,0.612821
-21.7745,19.7141,23.9382,0.570556
-21.6285,19.4967,23.5548,0.352893
-21.5398,19.1941,23.294,1.32795
-21.5138,19.1877,23.2325,0.537115
-15.761,12.5925,43,0.0296855
-17.0287,13.8809,39.2,6.45391e-26
-50,35.9154,42.8422,2.51802e-25
-35.189,24.4923,38.7,2.34604e-25
-25.5347,17.0464,36,3.24361e-26
-21.5918,14.3153,34.9349,0.0257206
-21.6599,14.3462,34.8632,0.0454039
-21.7484,14.3199,34.8819,0.0421067
-21.8318,14.3038,34.8883,0.0231236
-21.9215,14.3017,34.9365,0.034732
-21.9591,14.2886,35,0.0185264
-18.2413,12.0136,43,0.04069
-19.8157,13.0922,39.2,6.06974e-26
-42.5,30.1309,40.7447,1.98677e-25
10.1808,9.37404,93.8,2.13327e-25
-10.2042,13.7655,44.6818,6.65121e-27
-12.9582,50,38.258,2.07265e-25
9.14321,9.59756,91.3,6.09506e-26
-17.0309,31.1652,31.1635,2.92384e-26
-14.7539,14.6054,34.7,0.0895715
-19.2457,14.5659,24.7845,0.225078
-19.5073,14.6147,24.6317,0.363815
-19.7939,14.6765,24.6019,0.187921
-20.058,14.6178,24.5958,0.187787
-20.3128,14.6212,24.6719,0.226857
-20.5091,14.7092,24.8976,0.257928
-20.5692,14.8022,25,0.116955
-16.8545,31.9813,31.4708,2.41624e-26
-10.9022,13.9159,43,0.0444445
-12.6656,14.2316,39.2,6.19786e-26
-1.17162,9.88461,95.5378,1.73225e-25
13.4541,-12.4554,43,0.0319604
19.5649,-19.9343,24.4566,0.623006
19.8067,-20.821,24.3238,0.816582
19.7914,-21.5362,23.9392,0.643151
19.7825,-21.5745,23.9068,0.0425057
19.8061,-21.6269,23.8218,0.716575
14.4449,-14.0466,39.2,6.54203e-26
15.6181,-15.9309,34.7,0.111544
-50,-26.1075,35.5881,2.01732e-25
-15.7858,-23.0434,43,0.026403
-16.3435,-23.1067,34.771,0.12331
-16.3694,-23.1089,34.7,0.0222935
-29.4443,-24.3335,28.3047,3.20431e-26
-19.9626,-23.495,24.959,0.0386033
-20.0179,-23.4966,24.954,0.0289076
-20.0699,-23.5168,24.9652,0.045292
-20.1175,-23.5285,25,0.283269
-30.4544,-24.4207,28.6626,2.9111e-26
-36.8226,-24.9703,30.919,3.75181e-26
-41.2845,-25.3553,32.5,8.13346e-26
-16.02,-23.0753,39.2,5.32051e-26
11.3895,2.19487,93.8,2.11474e-25
17.1071,13.9025,43,0.0367551
17.9209,15.9632,34.7,0.0836219
18.7213,17.6304,24.5696,0.431447
18.7215,17.6292,24.5631,0.12051
17.4797,14.8459,39.2,6.05499e-26
14.6502,14.6253,43.0562,0.0159111
14.6685,14.6467,43.0118,0.0233392
14.6741,14.6524,43,0.0133464
6.49638,50,30.1238,2.46411e-25
16.271,29.9116,32.8834,1.7443e-25
22.6434,16.4846,34.9509,0.0584544
22.6655,16.4873,34.9113,0.0115092
22.6794,16.4786,34.8582,0.016877
22.7271,16.4744,34.7867,0.0328685
22.7451,16.48,34.7385,0.0111599
22.7357,16.5271,34.7351,0.0170896
22.7191,16.5762,34.7222,0.023785
22.7155,16.6267,34.7151,0.0136149
22.7121,16.6777,34.7033,0.0141562
22.7054,16.6878,34.7,0.00754204
15.7728,30.9354,32.7428,3.43933e-26
11.3709,39.9821,31.5,1.40176e-25
18.4443,15.5179,39.2,8.17514e-26
5.93394,-11.179,93.8,2.08845e-25
-15.9698,-13.1605,43,0.0355578
-19.8867,-13.5256,34.7,0.22401
-23.5601,-10.9428,24.8484,0.10188
-23.5629,-10.8977,24.7028,0.115565
-23.5682,-10.8381,24.6138,0.0880499
-23.5638,-10.8411,24.6092,0.125169
-17.7631,-13.3277,39.2,6.05543e-26
-50,-40.315,45.6541,5.36241e-25
-42.1164,-20.882,38.7,1.73691e-25
-21.0404,20.6746,34.7,0.10081
-32.4268,3.00283,30.1529,3.67484e-26
-23.7956,23.2273,24.711,0.192397
-23.8777,23.0743,24.1437,0.398633
-24.0844,22.7884,23.8306,0.547038
-24.4199,22.3487,23.8374,0.470195
-24.4294,22.3396,23.8385,0.00887848
-24.7102,21.8743,23.7559,0.417394
-25,21.5637,23.5936,0.388637
-24.9751,21.3617,23.5777,0.147438
-25,21.3099,23.6017,0.0592511
-24.647,22.2901,23.8064,0.0083498
-24.6473,22.2899,23.8058,0.0295281
-24.7835,23.0081,22.1172,0.0072427
-24.789,23.0102,22.1179,0.11313
-23.7692,23.7112,22.0837,0.097621
-24.092,23.5859,21.9288,0.319477
-29.5524,10.0882,27.6174,7.68308e-26
-18.3706,17.5367,43,0.0325726
-19.5929,18.9733,39.2,6.44871e-26
2.28079,-1.70905,43.0426,0.0166138
2.28842,-1.69699,43,0.0116221
50,13.3963,31.347,2.50951e-25
22.8573,5.94553,33.3582,9.33706e-26
28.7372,7.55957,32.9225,6.2883e-26
26.9831,7.07807,33.0525,1.47578e-25
42.5,11.3375,31.9027,2.33026e-25
3.98429,0.560716,34.9632,0.0117262
3.99722,0.584336,34.9205,0.010748
3.99743,0.61033,34.8737,0.0100211
4.00169,0.646956,34.8088,0.0205196
4.01779,0.694369,34.7896,0.0175751
4.0445,0.737092,34.7643,0.0234824
4.07094,0.768465,34.743,0.0123619
4.11198,0.800489,34.7239,0.0280599
4.16202,0.814079,34.7317,0.0168822
4.20976,0.822057,34.7415,0.0191929
4.25466,0.828316,34.7437,0.0116481
4.31,0.836729,34.7357,0.0617943
4.35323,0.857787,34.7324,0.0169164
4.39754,0.878281,34.7261,0.0209158
3.9807,0.544851,35,4.84623e-27
13.5563,3.39239,34.0474,1.81689e-25
8.38455,1.97273,34.4306,1.30318e-25
-7.40349,7.21524,93.8,5.59877e-26
-14.2698,16.011,34.7,0.0765198
-16.1162,18.0152,24.2522,0.763328
-16.1771,18.3257,24.0292,0.435462
-16.1381,18.5102,23.7233,0.272664
-15.8791,19.1761,23.6646,0.589793
-15.8765,19.3704,23.5568,0.822841
-15.9179,19.3759,23.5451,0.400636
-15.3736,19.0961,23.5571,0.050303
-15.3723,19.096,23.5587,0.0595053
-16.0493,19.4366,22.7838,0.0623422
-13.2218,15.0125,43,0.0211266
-13.7016,15.4697,39.2,5.95508e-26
9.8393,-13.3868,34.7,1.00225e-25
1.99703,18.9119,100.8,2.33858e-25
9.36473,-11.4323,38.7,5.886e-27
2.88685,15.2471,93.3,6.68165e-26
14.0528,-17.779,43.0495,0.0236383
14.0617,-17.8111,43,0.0177605
8.51051,-7.91412,45.9,3.34082e-26
8.7228,-8.78847,44.1106,9.72391e-26
10.9812,-18.1927,24.9833,0.0144571
10.9868,-18.1764,24.9866,0.00723514
10.9908,-18.157,24.986,0.0200192
10.9895,-18.1356,24.996,0.0270828
10.9901,-18.1266,25,0.00358084
15.1737,-20.0258,39.2,6.73017e-26
9.06813,-10.2107,41.2,6.68165e-26
9.68507,-12.7516,36,3.34082e-26
16.4084,-22.4979,34.9451,0.0207689
16.3999,-22.5236,34.8947,0.0142974
16.3787,-22.5545,34.8464,0.0190764
16.3469,-22.5795,34.7682,0.0260286
16.3221,-22.5782,34.7218,0.0154416
16.3075,-22.5671,34.7,0.00860092
27.5672,-19.4024,34.7,7.87216e-26
42.5,-20.2286,37.5126,1.20098e-25
50,-20.6436,38.9252,1.94866e-25
-15.1185,-10.2261,43,0.0432872
-14.4906,-9.93304,44.6945,6.16505e-27
-17.7238,-12.9628,34.7,0.0909772
-5.07657,-17.5963,28.5516,2.85996e-26
-24.0558,-16.6652,24.8352,0.209039
-24.1746,-16.5893,24.728,0.125611
-24.0638,-16.5436,24.9225,0.259512
-23.9331,-16.5531,25,0.106325
-4.00245,-17.6558,28.7539,2.72483e-26
4.9857,-18.153,30.4468,2.76707e-26
-16.3113,-11.479,39.2,6.09612e-26
5.98045,-18.2081,30.6342,2.76918e-26
30.9111,-19.5874,35.3298,4.87475e-26
2.52686,0.343426,43.1,0.0541531
3.9672,1.09322,41.2,4.18436e-26
5.66498,0.37632,24.4338,0.45849
5.31495,0.862372,24.7458,0.466843
5.24188,0.816982,25,0.171146
4.18482,1.0015,39.2,5.89546e-26
3.81196,0.570025,35,0.0703093
4.64183,0.80889,35,2.94773e-26
5.00091,0.657555,31.7,8.84319e-26
3.93532,0.59133,34.1373,7.11173e-26
18.9666,-16.7179,43,0.0411578
22.2558,-22.9813,24.8616,0.154553
22.3969,-22.9976,24.8049,0.167093
22.5064,-23.067,24.735,0.1046
22.6346,-23.1488,24.7129,0.111861
22.7137,-23.1613,24.6411,0.169854
22.7818,-23.1658,24.6415,0.542897
19.2023,-18.2401,39.2,5.90349e-26
19.4813,-20.0426,34.7,0.0983459
12.2647,1.45573,93.8,1.95517e-25
14.7009,17.903,43,0.0240482
15.4475,21.0933,34.7703,0.0791165
15.4839,21.1072,34.7,0.0277048
15.453,21.0978,34.7637,0.0018285
15.4533,21.0976,34.7638,0.0094479
18.5881,23.225,24.949,0.0374686
18.6152,23.2078,24.8904,0.0435582
18.6419,23.1639,24.8613,0.0491405
18.6759,23.1034,24.8278,0.079695
18.7257,23.0756,24.7844,0.0508665
18.7168,23.0418,24.672,0.0873039
18.7535,23.0166,24.6572,0.0165777
18.7773,23.0046,24.6463,0.305826
15.0207,19.3791,39.2,5.71304e-26
-9.76717,5.12132,93.8,9.58501e-26
-50,22.2315,40.4687,6.58239e-26
-47.8287,22.253,39,1.57085e-25
-23.2181,20.4332,34.7,0.107197
-23.7407,22.0632,24.7634,0.189716
-23.7493,22.0414,24.4643,0.205849
-23.7852,22.163,24.1488,0.247285
-24.0003,22.3382,23.8021,0.312295
-24.4801,22.5455,23.6854,0.357333
-24.7585,22.4864,23.6241,0.257674
-24.9999,22.4794,23.5582,0.204989
-31.3223,22.4167,27.8348,6.41954e-26
-38.2193,22.3483,32.5,7.21952e-26
-21.8219,18.5387,43,0.0393703
-22.4611,19.4061,39.2,5.81979e-26
50,46.6493,46.8937,2.80799e-25
18.6164,16.7915,43,0.0377326
39.548,38.2324,38.7,7.81325e-26
37.6002,36.6639,37.1731,1.53692e-25
20.1619,20.2629,34.7,0.087074
26.6995,27.8857,28.6277,3.24353e-26
21.7915,23.4451,24.9106,0.0661104
21.8737,23.4914,24.8274,0.095571
21.9429,23.5587,24.776,0.0836606
22.0258,23.6394,24.728,0.0910344
22.0683,23.8126,24.6762,0.208661
22.0766,23.9648,24.7251,0.121253
22.0537,24.059,24.8286,0.0912734
22.0631,24.113,24.9225,0.246807
22.0668,24.1559,24.9904,0.0805685
22.072,24.1592,25,0.00653122
27.3576,28.4157,29.1436,2.63982e-26
31.6391,31.8635,32.5,6.94165e-26
19.324,18.3808,39.2,5.89956e-26
42.5,40.6097,41.0142,9.28327e-26
1.50223,-12.138,93.8,1.92304e-25
50,-6.34877,44.7747,2.50968e-25
42.2195,-8.68937,38.7,9.18398e-26
14.8821,-12.0549,43,0.0406123
24.3951,-14.061,24.9739,0.0304423
24.4283,-14.0659,24.9411,0.0297696
24.4718,-14.0589,24.9137,0.0609165
24.5222,-14.051,24.9156,0.0393702
24.5591,-14.0467,24.939,0.0609658
24.5898,-14.0315,24.96,0.0328158
24.6259,-14.0109,24.9773,0.0397438
24.6542,-13.9816,24.99,0.0283988
24.6726,-13.968,25,0.0147808
30.7194,-12.1489,29.7211,3.34268e-26
16.4879,-11.7279,39.2,5.78903e-26
29.7516,-12.4401,28.9656,3.37102e-26
18.3698,-11.3847,34.8196,0.0522393
18.474,-11.3907,34.7,0.179501
-8.41645,7.6015,93.8,1.8787e-25
7.3183,-9.89378,100.8,1.36572e-25
-15.3845,8.95176,44.9,5.92155e-26
-19.4874,12.4332,34.7,0.0813261
-19.4111,12.2964,34.9831,0.117531
-19.4053,12.2893,35,0.0155931
-18.1177,11.7244,43,0.0355176
-18.7448,12.0489,39.2,5.41047e-26
-16.8872,10.1991,41.2,6.00424e-26
50,43.9701,46.9569,2.89728e-25
17.3398,14.955,43,0.039587
39.7938,35.5147,38.7,1.02322e-25
19.2195,17.2262,34.7,0.084174
28.3911,26.0681,29.4751,3.23319e-26
21.2027,20.634,24.7279,0.236925
21.3031,20.9151,24.5972,0.243259
21.6179,21.0789,24.58,0.339534
21.9272,21.2362,24.7053,0.546599
22.2766,21.3698,24.7722,0.282689
22.5864,21.4538,24.8679,0.417281
22.8557,21.4819,24.9968,0.239724
22.8596,21.4855,25,0.00613027
29.0442,26.6091,30.0034,2.70292e-26
32.1302,29.1657,32.5,2.07632e-26
18.2004,15.9948,39.2,6.00383e-26
42.5,37.7567,40.8893,8.64264e-26
17.3644,-10.4138,43,0.0240957
24.4731,-15.4171,24.5567,0.423755
24.3871,-15.4137,24.0023,0.459156
24.3012,-15.4208,23.4913,0.4213
24.0722,-15.3538,23.111,0.310957
23.9624,-15.3546,22.9671,0.123625
23.8564,-15.5012,22.8661,1.07285
23.8571,-15.5016,22.8699,0.0862104
18.5911,-11.5205,39.2,6.26563e-26
20.0438,-12.8311,34.7,0.0993947
-17.6874,-10.0399,43,0.0397804
-20.7741,-12.7358,34.8842,0.0761537
-20.8611,-12.7435,34.808,0.0252465
-20.9686,-12.6948,34.7385,0.0402956
-21.0298,-12.672,34.7,0.0265197
-29.6056,-11.8125,31.7656,3.04233e-26
-28.4909,-11.9242,32.147,1.75871e-25
-30.5168,-11.7211,31.4538,2.61957e-26
-37,-11.0714,29.2354,2.87482e-26
-19.1179,-11.3013,39.2,5.99207e-26
3.98992,12.5929,93.8,2.0422e-25
3.14539,12.5748,91.3,5.83486e-26
-16.4549,13.0028,34.7,0.0731553
-19.8327,16.9848,24.8819,0.0820112
-19.8818,17.097,24.7663,0.155896
-19.8135,17.0675,24.6057,0.159897
-19.7605,17.0155,24.5593,0.64328
-13.1708,12.2261,43,0.0376684
-14.6743,12.5817,39.2,5.96298e-26
-7.25395,-6.84823,97.9436,7.99648e-26
0.953861,-0.352363,43,0.0244316
-28.7592,-50,38.4513,2.19249e-25
-7.59162,-12.0565,28.824,3.16289e-26
-18.1303,-30.9473,33.6171,3.24589e-26
-17.5246,-29.8616,33.3417,2.02656e-25
1.14142,2.71879,24.7939,0.169823
1.11262,2.76831,24.6108,0.169864
1.02169,2.89171,24.4341,0.610316
0.912698,3.05665,24.6864,0.202148
0.866328,3.09559,24.8386,0.0954135
0.829375,3.03739,24.9833,0.0994599
0.816299,3.01496,25,0.0195664
-5.83892,-8.91471,28.0269,2.66572e-26
-6.99624,-10.9893,28.5532,3.08252e-26
1.87851,1.38773,34.7,0.100176
-5.32038,-7.98522,27.791,2.79894e-26
-5.69585,8.19968,98.9764,5.80201e-26
12.2253,-13.3608,43,0.0606
17.2498,-20.3614,24.67,0.336133
17.4061,-20.4606,24.5021,0.184969
17.6142,-20.6943,24.3095,0.231555
17.748,-20.7346,24.0952,0.180574
17.6588,-20.6437,23.9814,0.251119
17.6863,-20.6099,23.9661,0.41789
13.1383,-14.7022,39.2,6.18066e-26
14.2195,-16.2907,34.7,0.106359
13.1878,-15.6113,43,0.040737
20.1164,-22.3692,24.9284,0.0543671
20.2826,-22.7188,24.4854,0.470939
20.3926,-22.8509,24.3103,0.207369
20.8492,-22.9712,24.1229,0.488729
20.9386,-22.7992,24.2487,1.09047
20.9391,-22.7925,24.2567,0.159911
20.8113,-23.0138,22.7686,0.00914812
14.8054,-17.0148,39.2,6.6664e-26
16.721,-18.6768,34.7,0.0967008
10.8375,-17.8378,31.7,8.76578e-26
10.7166,-7.87789,93.8,2.06133e-25
10.7434,-8.30491,91.3,5.88951e-26
11.2596,-16.555,43,0.0181053
10.2489,-18.6683,24.5342,0.38827
10.1182,-19.0572,24.0977,0.468141
10.0308,-19.2875,23.6308,0.397909
10.0185,-19.5125,23.3134,0.296869
10.065,-19.5557,23.247,0.66474
10.0048,-19.3524,23.5326,0.0083498
10.0043,-19.3526,23.532,0.0320603
9.68424,-19.3471,22.5421,0.010331
9.6826,-19.3517,22.5395,0.108388
11.1614,-16.9985,39.2,5.8451e-26
11.0528,-17.4888,35,2.92255e-26
11.0451,-17.5238,34.7,0.0725161
0.76924,13.6647,93.8,2.14509e-25
17.4529,12.443,43,0.0539639
1.59029,13.6045,91.3,6.12883e-26
19.6595,12.0471,34.7,0.102612
22.1133,11.7369,24.3413,0.440404
21.9215,11.6086,23.8118,0.511836
21.7989,11.5144,23.5981,0.232256
21.7878,11.5215,23.4848,0.770193
18.4632,12.2617,39.2,6.0259e-26
-10.6297,-16.9137,43,0.0219194
-13.9055,-19.2449,34.9981,6.89281e-05
-14.0564,-19.3039,34.7,0.0998903
-17.6159,-18.2574,24.9329,0.0420337
-17.6125,-18.2235,24.8854,0.0662549
-17.572,-18.1793,24.8647,0.0463458
-17.5113,-18.1437,24.8392,0.0488857
-17.4722,-18.061,24.805,0.0700233
-17.4766,-17.9931,24.7486,0.0743586
-17.4934,-17.9024,24.6802,0.0860858
-17.496,-17.8683,24.6171,0.0418859
-17.3698,-17.8403,24.4796,0.186317
-17.538,-17.7114,24.3226,0.252276
-17.565,-17.6431,24.2672,0.665366
-17.5404,-17.5925,24.344,0.050303
-17.5404,-17.5926,24.3439,0.0116227
-12.1854,-18.0208,39.2,6.14774e-26
-3.12988,11.7647,93.8,1.9485e-25
-18.4325,16.0436,34.7,0.102183
-19.8326,17.1964,24.9536,0.0352764
-19.8626,17.182,24.8702,0.0800241
-19.8924,17.1817,24.8098,0.0519256
-19.9832,17.1965,24.7658,0.0640859
-20.1052,17.2692,24.7858,0.14019
-20.06,17.3679,24.8338,0.0902839
-20.0473,17.4429,24.8745,0.0466988
-20.0256,17.4743,24.9146,0.0347152
-20.0256,17.4743,24.9146,0.00759625
-19.8542,17.1862,24.7658,0.007947
-19.8539,17.1859,24.7653,0.0281353
-17.9586,13.8937,43,0.0314815
-18.1755,14.878,39.2,5.52165e-26
12.8747,11.0904,43,0.0790666
12.4013,10.9928,44.423,1.41704e-26
16.5829,12.9133,34.7,0.138048
21.3211,14.1153,24.7639,0.200536
21.4367,14.172,24.5404,0.177948
21.4975,14.1625,24.2843,0.181265
21.7737,14.0075,24.0226,0.36558
21.9358,13.7639,23.8265,0.317392
21.9874,13.7311,23.7781,0.0572654
21.9941,13.7049,23.7604,0.330111
22.1514,13.5902,23.6232,0.050303
22.1517,13.5902,23.6234,0.0226954
14.5724,11.925,39.2,6.27629e-26
-11.8279,19.1969,34.7,0.102806
-13.976,21.5338,24.6622,0.228958
-14.327,21.7874,24.5289,1.15688
-14.374,21.8714,24.484,0.73371
-15.451,24.6355,22.4774,0.104051
-10.7861,17.6921,43,0.0258965
-11.2631,18.3811,39.2,5.91172e-26
-0.173691,0.564301,43,0.0228532
-33.0572,-9.61068,38.7,1.60274e-25
-42.5,-10.9838,42.1321,7.46948e-26
-13.5231,-6.77025,31.6001,4.99985e-26
-25.6286,-8.5305,36,8.0137e-26
-22.0519,-8.01041,34.7,2.40411e-25
4.76365,-3.87635,24.9672,0.0644973
4.7684,-3.93682,24.9479,0.0404057
4.75419,-3.98772,24.9243,0.0350579
4.73413,-4.01643,24.892,0.0226194
4.70058,-4.05352,24.9273,0.0591257
4.66152,-4.07732,24.9621,0.0420897
4.63889,-4.11928,24.9924,0.0524045
4.63604,-4.12974,25,0.0425382
-8.75732,-6.07726,29.868,3.26815e-26
-11.8065,-6.52064,30.9762,4.40243e-26
-39.9355,-10.6109,41.2,1.60274e-25
0.87945,-0.566437,34.7906,0.0606503
0.886711,-0.607348,34.7,0.0405711
-7.56437,-5.90379,29.4344,3.41851e-26
4.64823,8.79975,99.6355,3.56509e-26
-50,-31.3629,41.5628,1.37848e-25
-42.5,-28.2605,37.1409,2.46799e-26
-45.6532,-29.5648,39,8.75561e-26
-15.136,-13.984,43,0.0289692
-18.9617,-16.8721,34.7,0.0975396
-30.0203,-23.0983,29.7831,2.97926e-26
-21.6541,-19.523,24.9052,0.0673963
-21.7423,-19.6038,24.8855,0.0956693
-21.8025,-19.6818,24.9288,0.0679239
-21.8908,-19.7326,24.9891,0.0834763
-21.9075,-19.7424,25,0.017713
-30.911,-23.4667,30.3083,2.93948e-26
-16.8875,-15.3063,39.2,6.23663e-26
-1.50794,12.5907,93.8,1.95878e-25
50,3.50979,40.3774,1.03492e-25
3.46436,-0.0390269,43,0.0283803
42.5,5.61092,37.3826,5.53016e-26
46.5505,4.47617,39,1.14861e-25
9.10933,10.1449,27.9253,3.56794e-26
28.3386,9.57825,31.7278,4.49045e-26
11.4781,14.3097,24.9941,0.0164475
11.49,14.2984,25,0.0126462
7.59296,7.47186,29.8109,3.21795e-26
8.50137,9.07318,28.6813,3.55175e-26
29.0372,9.38252,32.0068,2.26013e-26
3.40106,-0.131741,34.8966,0.0286472
3.40915,-0.108984,34.7997,0.0451696
3.44937,-0.0394755,34.8477,0.0252007
3.50365,0.032272,34.8478,0.0685585
3.54526,0.133221,34.8198,0.0385757
3.56881,0.235438,34.7927,0.0317072
3.56934,0.336425,34.7724,0.0265649
3.5941,0.448249,34.7531,0.039425
3.63681,0.517586,34.7176,0.0265096
3.66109,0.540933,34.7,0.0146039
7.12304,6.64352,30.3952,3.63144e-26
6.07372,4.79381,31.7,1.49605e-25
-10.1192,7.51884,93.8,2.2623e-25
-17.2119,-15.3987,43,0.0368865
-18.1097,-18.8313,34.9849,0.00392094
-18.1676,-18.9656,34.7,0.108858
-20.7321,-17.9598,24.9175,0.0378699
-20.6682,-17.9803,24.8391,0.0662945
-20.5889,-18.0076,24.8064,0.119784
-20.4869,-18.0768,24.798,0.115466
-20.3767,-18.1103,24.8291,0.147175
-20.3009,-18.1267,24.8582,0.0763586
-20.2186,-18.1821,24.8679,0.0856598
-20.1573,-18.2562,24.8455,0.703578
-20.1064,-18.3377,24.889,0.0813379
-20.0431,-18.4003,24.8443,0.0973345
-19.9542,-18.43,24.8632,0.101671
-19.8832,-18.4484,24.7837,0.109519
-19.864,-18.5244,24.7255,0.105276
-19.823,-18.5414,24.7432,0.427942
-17.6375,-17.026,39.2,6.38892e-26
-10.4393,-8.56699,93.8,1.88614e-25
-50,-3.3302,17.5303,1.90722e-25
-10.8168,-8.71675,91.3,5.38899e-26
-18.1111,-11.6102,43,0.0219864
-21.0609,-12.0563,34.8425,0.293426
-21.2039,-12.0122,34.7445,0.127728
-21.2966,-11.9694,34.7,0.0336759
-28.3441,-9.84825,30.4844,3.36336e-26
-26.3118,-10.4599,31.7,1.57977e-25
-29.1961,-9.5918,29.9747,2.8015e-26
-35.0049,-7.84345,26.5,5.4968e-26
-19.4712,-11.8286,39.2,5.66016e-26
15.3342,20.2558,43,0.026959
41.332,50,30.8055,2.43302e-25
23.6566,28.7158,34.0338,1.42e-25
19.9719,24.2715,34.7231,0.43635
20.0088,24.3233,34.7,0.0136524
24.3375,29.5357,33.9094,2.71522e-26
35.1036,42.5,31.943,1.2763e-25
17.4744,22.0931,39.2,6.62666e-26
14.1269,-13.8336,43,0.0273639
16.0079,-18.0197,24.4848,0.3887
15.9804,-18.0369,24.3672,0.101536
15.8742,-17.855,23.9129,0.376566
15.4616,-17.6778,23.7058,0.548079
15.3737,-17.8306,23.523,1.19408
15.3698,-17.823,23.5238,0.140902
14.531,-14.7945,39.2,5.96338e-26
15.0094,-15.9323,34.7,0.0783436
0.406757,9.95994,94.4252,1.77841e-25
-0.771089,1.18453,43,0.0260735
-52.5349,3.4471,38.7,2.02697e-25
-31.1914,0.203664,32.8276,1.67841e-25
-1.98854,-3.59855,24.9247,0.080438
-2.00733,-3.7211,24.8292,0.112218
-2.00504,-3.74782,24.8162,0.0142883
-2.03771,-3.90622,24.7618,0.0975754
-2.21583,-3.94898,24.7764,0.143859
-2.35633,-4.04245,24.8702,0.158625
-2.46688,-4.12552,24.9647,0.0990936
-2.63789,-4.1384,24.9766,0.114283
-2.74184,-4.11963,25,0.445237
-2.00712,-3.60578,24.891,0.050303
-2.00712,-3.60581,24.891,0.00469232
-3.13055,-5.50985,24.1363,0.0083498
-3.13072,-5.50914,24.1357,0.0370006
-11.8282,-2.73884,27.5,1.01348e-25
-55.5,3.89768,39.5158,3.20067e-26
-1.28962,-0.310901,34.7475,0.0715382
-1.2972,-0.328293,34.7,0.0296647
-10.0002,4.59836,93.8,1.20821e-25
-51.1231,-19,38.3181,1.70501e-25
-29.6133,12.3435,28.391,3.0773e-26
-18.0943,21.9473,34.7,0.0747543
-21.4521,23.3208,24.906,0.0821792
-21.545,23.3225,24.8822,0.0470814
-21.6293,23.3602,24.86,0.0741322
-21.6992,23.4035,24.8389,0.0736883
-21.7901,23.4198,24.7931,0.121338
-21.865,23.3717,24.7248,0.0669806
-21.9669,23.2636,24.6874,0.0940583
-22.0768,23.1123,24.784,0.157429
-22.1498,23.0623,24.872,0.094844
-22.2116,23.0667,24.9454,0.061783
-22.2652,23.0509,24.9998,0.0532002
-22.2658,23.0501,25,0.000768495
-30.3256,11.3056,28.7197,3.11323e-26
-38.5166,-0.630178,32.5,1.22386e-25
-16.5843,22.3133,43,0.0313969
-17.2757,22.1458,39.2,5.44552e-26
-6.08665,-50,37.0806,2.3643e-25
19.5096,-12.8416,43,0.0296501
13.4072,-20.2628,24.9469,0.140347
13.3687,-20.3585,24.8722,0.0790795
13.3786,-20.4254,24.8231,0.0591023
13.3868,-20.5156,24.8076,0.0650455
13.4625,-20.606,24.8297,0.106582
13.4962,-20.6798,24.8679,0.118183
13.4824,-20.7461,24.9475,0.0906867
13.4324,-20.7782,25,0.0710476
9.39307,-26.8254,27.5,1.06997e-26
8.43053,-28.2664,28.0957,2.81072e-26
1.31439,-38.92,32.5,9.86234e-26
20.0353,-13.7736,39.2,5.55768e-26
9.00888,-27.4006,27.7378,1.9427e-26
20.6579,-14.8774,34.7,0.0828129
-38.9666,50,41.9593,1.72186e-25
-35.2593,42.5,37.7713,6.45108e-26
-36.347,44.7004,39,5.71808e-26
-27.5934,26.9918,29.1114,3.27906e-26
-16.765,16.3008,34.7,0.115816
-23.7917,19.3972,24.9271,0.0606327
-23.8768,19.495,24.9506,0.0992507
-23.9444,19.6125,24.9871,0.086887
-23.9539,19.6291,25,0.0157133
-28.0058,27.8261,29.5773,2.80545e-26
-30.5931,33.0602,32.5,7.36879e-26
-13.6528,13.3131,43,0.0288097
-15.0777,14.681,39.2,6.12271e-26
13.4567,-50,40.2419,5.56619e-26
13.5714,-48.0946,39,1.6186e-25
12.77,-19.0688,43,0.0425048
14.8093,-23.6752,24.8123,0.128744
14.7955,-23.8663,24.732,0.137477
14.7241,-24.0427,24.7321,0.110476
14.7002,-24.2132,24.7822,0.371126
14.7215,-24.3754,24.7961,0.0794566
14.8261,-24.4225,24.6709,0.187288
14.9169,-24.4788,24.4841,0.154446
14.9416,-24.6116,24.2747,0.17023
14.8977,-24.7591,24.1164,0.122282
14.8776,-24.8266,23.9959,0.101486
14.9399,-24.9637,23.9165,0.101875
14.9626,-25,23.9468,0.0344495
14.6342,-30.4513,27.5,3.0101e-26
14.5646,-31.6079,28.2539,3.23551e-26
14.1721,-38.1223,32.5,6.74274e-26
13.4715,-20.4178,39.2,5.92143e-26
14.628,-30.5554,27.5679,3.30747e-27
14.3022,-22.0152,34.7,0.107337
6.87302,-11.3249,93.8,2.04992e-25
10.6498,-0.0589857,100.8,1.60999e-25
3.56628,-0.934787,43,0.0433867
4.13628,2.64875,44.9,1.03374e-25
6.78771,-11.0569,92.4894,2.37373e-26
1.71805,2.28385,24.6749,0.349707
1.86153,2.59741,24.4453,0.31456
1.99032,3.0385,24.5734,0.358272
2.04313,3.28408,24.8988,0.357537
2.0471,3.33759,25,0.104044
1.76488,2.45875,24.4943,0.0083498
1.76334,2.45922,24.4944,0.0507911
3.70516,2.82797,41.2,5.5878e-26
2.84016,0.462179,34.7,0.0709624
2.98273,3.1283,35,0.0795122
3.09925,3.07986,36,2.7939e-26
2.95466,3.13457,34.7,8.36626e-26
-3.60378,9.66578,93.8,2.13915e-25
16.281,10.2242,43,0.0242258
19.5167,10.3329,31.7,8.77088e-26
18.8537,10.658,34.7,0.127611
18.7607,10.6424,35,2.98171e-26
21.0069,9.5919,24.9142,0.0627379
21.0545,9.52016,24.5878,0.232828
21.1054,9.528,24.1845,0.294743
21.0894,9.33113,23.706,0.387508
21.0672,9.27386,23.648,0.170467
21.0501,9.25979,23.6283,0.311457
21.2549,9.53615,24.346,0.050303
21.2728,9.5438,24.3228,0.31629
17.4589,10.4228,39.2,5.96343e-26
-17.9111,-12.3757,43,0.0634034
-19.7442,-13.2283,34.81,0.043495
-19.8099,-13.1787,34.7,0.0591611
-28.9034,-4.44969,32.9042,5.21296e-26
-25.0333,-8.16467,33.6685,1.4121e-25
-27.4749,-5.82094,33.1863,8.68829e-26
-37,3.32242,31.3053,3.73339e-26
-18.7479,-12.7864,39.2,5.47778e-26
18.3903,-11.0736,31.7,8.80977e-26
12.1075,-6.96807,93.8,2.01422e-25
12.3634,-7.09366,91.3,5.75492e-26
17.0037,-9.96454,43,0.0220755
19.9376,-11.6975,24.5564,0.533946
19.8216,-11.9247,24.2556,0.307078
19.8319,-12.3269,23.9834,0.33573
20.1323,-12.792,23.7891,0.4846
20.5479,-13.0064,23.6798,0.316111
20.5799,-13.0062,23.6917,0.341927
13.0083,-7.41014,85,0.00213495
17.3231,-10.3688,39.2,5.76814e-26
17.6761,-10.8156,35,2.88407e-26
17.7013,-10.8476,34.7,0.0839116
-44.4881,50,41.1653,1.52328e-25
-39.4356,42.5,37.6605,7.08408e-26
-41.3667,45.3665,39,8.1565e-26
-36.2503,37.7715,35.4508,1.3737e-25
-28.3637,26.0644,29.98,2.97678e-26
-23.4342,14.7523,34.7349,0.0746159
-23.4238,14.755,34.7,0.137975
-20.9471,15.5046,24.936,0.0495566
-20.962,15.4458,24.9007,0.0962255
-21.0185,15.4087,24.905,0.0388296
-21.0778,15.3779,24.9073,0.0706717
-21.1465,15.3688,24.942,0.0384223
-21.1778,15.3955,24.9945,0.0525591
-21.1847,15.4077,25,0.00433928
-28.8797,26.8304,30.3379,2.64e-26
-31.9965,31.457,32.5,6.33223e-26
-21.3638,13.2239,43,0.0355669
-22.3374,13.9352,39.2,5.57654e-26
-8.88237,4.67216,93.8,2.04321e-25
50,-0.26015,42.3898,1.97347e-25
12.1242,12.3715,43,0.0299675
42.5,3.2944,38.0527,8.11469e-26
44.1381,2.51804,39,3.94802e-26
16.0521,16.2663,34.8866,0.0686568
16.0792,16.2706,34.7636,0.0309141
16.1049,16.2708,34.7,0.0196845
28.3187,10.0155,29.852,3.15971e-26
19.7195,13.7614,24.9704,0.0217503
19.7478,13.784,24.9553,0.0242056
19.7539,13.8175,24.9358,0.0293828
19.7827,13.8493,24.9335,0.0266823
19.8004,13.8842,24.9329,0.0201354
19.8081,13.919,24.942,0.0226374
19.8478,13.9454,24.9519,0.0377129
19.8793,13.9686,24.949,0.0323524
19.8923,13.9963,24.969,0.0219096
19.9216,13.9931,24.9948,0.0333347
19.9282,13.9921,25,0.00606027
29.2006,9.59751,30.362,3.05932e-26
13.9667,14.1806,39.2,6.46715e-26
-15.7577,-18.0506,43,0.0792354
-19.4505,-21.1776,34.7,0.0846137
-21.948,-22.7339,24.6965,0.285584
-22.1853,-22.6943,24.5071,0.220825
-22.3134,-22.6982,24.2978,0.195453
-22.4087,-22.586,24.0777,0.533052
-22.4245,-22.5803,24.0604,0.272483
-22.4658,-22.3071,23.9289,0.0083498
-22.4654,-22.3065,23.9295,0.0359527
-17.4484,-19.4822,39.2,6.52443e-26
-12.9101,-2.75284,93.8,1.99198e-25
2.34855,-12.8082,100.8,1.95568e-25
-13.1705,-2.00132,91.3,5.69138e-26
-19.586,15.1476,34.7,0.123077
-16.3729,14.4238,34.9925,0.0918629
-16.3711,14.4221,35,0.00265208
-20.521,17.5293,24.8944,0.294029
-20.5135,17.6155,24.7923,0.101189
-20.4758,17.7106,24.7269,0.0744601
-20.5448,17.8295,24.7503,0.0823002
-20.6307,17.9271,24.7377,0.0922206
-20.7051,18.0243,24.7712,0.0889364
-20.6217,18.0353,24.8598,0.0705791
-20.5716,17.9759,24.9576,0.106841
-20.5612,17.9513,25,0.0330729
-18.2022,12.5182,43,0.0271153
-14.5363,12.4462,43.1,0.0406739
-18.8358,13.722,39.2,5.7574e-26
-14.9667,12.9097,41.2,5.60034e-26
-11.7857,7.94908,93.8,2.12631e-25
-11.8835,7.02573,91.3,6.07517e-26
-13.7737,-10.8134,43,0.0244056
-13.712,-10.2311,44.5765,9.82612e-27
-14.2456,-13.6667,34.7,0.0754089
-13.9523,-17.6762,24.6964,0.287679
-13.945,-17.726,24.318,0.281155
-13.9401,-17.7147,24.2583,0.0395387
-14.0546,-17.4481,24.1621,0.270556
-14.0142,-17.4125,24.2793,0.838138
-13.9897,-12.1197,39.2,6.02865e-26
6.13844,7.83645,95.0955,1.67359e-25
17.0922,13.3092,100.8,2.29781e-25
-5.35568,-16.0005,36.7,5.86765e-26
13.0649,9.72929,93.3,6.56516e-26
-13.8913,-14.232,43.1,0.0298217
-3.74166,-12.6533,44.9,2.93383e-26
-4.43057,-14.082,41.4,1.67065e-26
-15.4388,-16.6593,34.8462,0.0614298
-15.489,-16.594,35,0.05338
-6.10357,-17.5515,32.9004,9.09369e-26
-6.33984,-18.0415,31.7,2.82257e-26
-7.69536,-20.7964,24.9178,0.05655
-7.7324,-20.8359,24.8506,0.0422539
-7.79569,-20.8759,24.7845,0.0549429
-7.88501,-20.9636,24.7418,0.220939
-8.0049,-21.042,24.7923,0.144213
-8.08576,-21.0505,24.8841,0.0939242
-8.17021,-21.0321,24.9283,0.0566804
-8.22727,-20.9741,24.9812,0.0782135
-8.25255,-20.9364,25,0.0737976
-4.8636,-14.98,39.2,5.86765e-26
-14.2661,-14.7861,41.2,5.648e-26
2.97669,-13.2862,93.8,2.0456e-25
2.16327,-2.79101,43,0.0337972
2.93666,-12.7697,91.3,5.84457e-26
1.24965,-1.33443,24.7863,0.226808
1.33014,-1.21379,24.4499,0.574269
1.23307,-0.882711,24.3138,0.380177
0.933196,-0.651145,24.2208,0.335434
0.893006,-0.57782,24.0579,0.532629
0.883359,-0.625308,24.0518,0.433943
0.874687,-0.755138,23.9845,0.050303
0.875578,-0.754806,23.9826,0.0592394
1.74054,-1.49419,34.7,0.0913781
-42.5,-34.9431,37.5739,4.13077e-25
-50,-41.2165,38.2704,3.07248e-25
-11.8783,-11.8159,43.0526,0.0166099
-11.891,-11.814,43.0075,0.0107688
-11.8934,-11.8143,43,0.0101186
-11.6796,-11.5984,43.9687,2.89116e-26
-14.4591,-11.6668,34.9636,0.0125622
-14.4832,-11.6666,34.9359,0.0234856
-14.5216,-11.6673,34.9127,0.0155021
-14.5663,-11.6812,34.9077,0.0124821
-14.6033,-11.6982,34.8961,0.0134943
-14.6664,-11.7081,34.8842,0.0217936
-14.7138,-11.726,34.9389,0.0270365
-14.7341,-11.7262,34.9745,0.0159562
-14.7645,-11.7411,34.9896,0.012951
-14.7821,-11.7582,35,0.00521434
-14.4389,-11.6664,35,3.1547e-26
-14.8683,-11.8303,35.008,3.78388e-27
-25.5508,-20.7658,36,4.04001e-26
-13.1025,-11.744,39.2,6.30939e-26
-14.3133,-50,41.2697,1.2163e-25
-15.5646,-42.5,37.1281,2.39971e-26
-14.9991,-45.8898,39,8.94595e-26
-14.1726,-11.8492,43,0.200206
-16.8271,-15.4177,34.7,0.248356
-17.5004,-30.8975,30.721,3.05915e-26
-18.9407,-19.6816,24.8581,0.0752586
-18.9393,-19.8203,24.6811,0.130172
-18.9788,-19.9797,24.5683,0.13472
-19.0047,-20.1597,24.7253,0.166989
-19.1425,-20.2964,24.778,0.136101
-19.2427,-20.4325,24.9172,0.174741
-19.229,-20.5375,25,0.0889797
-17.3155,-32.0062,31.3332,3.11591e-26
-15.3879,-13.483,39.2,6.31363e-26
11.467,-20.1577,33.9763,2.60628e-26
17.9325,-29.9691,33.827,1.18288e-25
18.1835,-50,46.8757,2.58803e-25
18.0757,-37.1962,38.7,1.11226e-25
10.7212,-18.8865,43.0308,0.0148318
10.7239,-18.8887,43,0.0107582
18.1785,-42.387,42.2,5.56132e-26
17.8412,-16.8199,24.9779,0.0185518
17.8499,-16.8382,24.9677,0.0289161
17.8623,-16.8513,24.9531,0.0190593
17.8541,-16.8616,24.9341,0.01303
17.8185,-16.8617,24.9284,0.0266009
17.782,-16.8546,24.9479,0.0276421
17.7547,-16.8574,24.957,0.0208342
17.7302,-16.864,24.956,0.0191867
17.7079,-16.8703,24.9556,0.0160284
17.6825,-16.8703,24.9604,0.0251448
17.6734,-16.8742,24.9781,0.0208073
17.6732,-16.8779,25,0.0294777
18.1775,-42.4944,42.2582,0.0188866
18.1775,-42.5,42.2611,0.000951213
10.8372,-19.6476,39.2,5.63558e-26
18.1491,-40.9039,41.2,1.11226e-25
10.9624,-20.4865,35,2.81779e-26
17.9538,-31.046,34.5531,3.85084e-26
10.9788,-20.4951,34.9223,0.0229727
10.9338,-20.4883,34.85,0.0309681
10.9422,-20.4593,34.7578,0.0236362
10.954,-20.4269,34.7,0.0168943
-5.73204,9.40727,93.8,1.47874e-25
-50,11.3853,19.9824,1.86441e-25
-20.4877,15.4777,34.7,0.0971223
-23.4025,18.415,24.7657,0.179695
-23.7175,18.5049,24.4804,0.346059
-23.8868,18.4069,24.1366,0.291337
-24.1414,18.3336,23.7175,0.787148
-24.6216,18.1113,23.6972,0.531372
-24.9684,17.9238,23.8899,0.44345
-25,17.9088,23.8792,0.062149
-18.6073,14.7441,43,0.0296218
-19.4682,15.08,39.2,5.94627e-26
0.286783,2.97592,43,0.0316942
-0.950402,3.30139,24.827,0.135117
-1.01991,3.35004,24.6982,0.111085
-1.14692,3.42081,24.5698,0.135478
-1.23265,3.60845,24.3978,0.186986
-1.21136,3.96012,24.3766,0.300831
-1.32127,4.1835,24.1664,0.234171
-1.3312,4.22174,24.1329,0.0253613
-1.3262,4.2265,24.1831,0.444947
0.558337,2.55796,34.7,0.0706674
-10.2822,9.36637,93.8,2.0719e-25
10.1341,15.0416,43.0294,0.042153
10.1548,15.0434,43,0.0132702
-9.27773,9.64594,91.3,5.9197e-26
9.81266,14.959,43.788,3.29149e-26
14.383,16.5241,34.9276,0.0217906
14.376,16.5125,34.8521,0.0223697
14.3868,16.5076,34.7607,0.0261972
14.3944,16.5101,34.7,0.0152427
18.5131,14.517,24.9734,0.0223861
18.5144,14.5151,24.9695,0.00311823
18.5326,14.5066,24.966,0.0204486
18.5289,14.5276,24.9581,0.0329249
18.511,14.5364,24.9679,0.0294744
18.495,14.5241,24.9696,0.0339986
18.4969,14.52,24.97,0.094731
12.1528,15.7418,39.2,6.29951e-26
-50,-38.7846,43.13,2.2551e-25
-40.9963,-34.4607,38.7,1.30953e-25
-11.3507,-18.5824,43,0.0242069
-12.2268,-19.4154,34.7,0.114238
-26.761,-27.6243,31.696,3.20386e-26
-12.5222,-20.5835,24.8495,0.0834503
-12.6038,-20.5765,24.6801,0.2093
-12.7322,-20.5562,24.7829,0.113181
-12.8466,-20.6879,24.8521,0.149402
-12.9923,-20.7861,24.8664,0.132433
-13.0327,-20.943,24.8967,0.118668
-13.1265,-21.0615,24.9813,0.133347
-13.1518,-21.0886,25,0.0225882
-27.7275,-28.0884,32.1715,3.07438e-26
-11.7518,-18.9638,39.2,5.55488e-26
-42.5,-35.1828,39.4398,1.57036e-26
-30.3646,-50,41.772,1.42744e-25
-27.8754,-46.0188,39,1.12289e-25
-10.2287,-18.6225,43,0.0300441
-9.8502,-18.1838,44.6249,8.39015e-27
-11.798,-20.5228,34.7,0.112179
-11.6708,-20.3687,35.373,1.87804e-26
-18.4353,-30.9207,28.4877,3.76937e-26
-14.3066,-22.7227,24.5837,0.395915
-14.0697,-22.978,24.3849,0.289205
-14.0631,-23.301,24.1302,0.241157
-14.1223,-23.8082,23.9513,0.377916
-14.3432,-24.311,23.9683,0.547691
-14.5482,-24.6921,24.1761,0.436735
-14.7334,-25,24.3654,0.440446
-19.086,-31.9613,29.2123,3.55524e-26
-22.0384,-36.6833,32.5,2.54145e-26
-10.9472,-19.4925,39.2,5.99092e-26
15.946,16.5564,43,0.138118
18.1698,19.2042,34.7,0.196104
19.7966,21.9456,24.4201,0.468331
19.9701,21.9308,23.8807,0.459266
19.653,21.978,23.7042,0.325832
19.4186,22.4623,23.3086,0.747218
19.4749,22.6148,23.2039,1.00007
19.4792,22.6123,23.2021,0.105258
16.9641,17.7686,39.2,6.30957e-26
-15.9977,17.8157,34.7,0.118996
-18.8184,20.1627,24.5896,0.366612
-18.9462,20.3279,24.3214,0.239587
-19.1541,20.6631,24.0694,0.314655
-19.2152,20.7521,23.9943,0.166617
-19.0652,21.1804,23.6847,0.416503
-18.963,21.2464,23.5798,0.127572
-18.8253,21.4838,23.454,0.406646
-18.8325,21.6221,23.4351,0.617846
-18.8451,21.6254,23.4268,0.205303
-19.3248,21.7792,23.3673,0.050303
-19.3251,21.7793,23.367,0.0202592
-18.9414,21.2599,23.5513,0.050303
-18.9423,21.2584,23.5495,0.0670564
-13.4286,16.1433,43,0.0390274
-14.6048,16.909,39.2,6.15494e-26
-9.08486,-4.11482,97.0277,1.13693e-25
-3.54527,50,41.2823,1.38229e-25
-5.19162,42.5,37.6177,5.81304e-26
-4.57062,45.329,39,7.20802e-26
-12.4536,13.3521,35,2.89806e-26
-8.26263,28.5099,30.7821,7.77345e-26
-12.4254,13.8114,31.7,8.70584e-26
-12.4616,13.3878,34.7,0.0872326
-12.3143,14.9725,24.5144,0.428891
-11.8952,15.1656,24.6246,0.374165
-11.6784,15.3755,24.7887,0.57246
-11.3954,15.6612,24.9805,0.477811
-11.1657,16.0563,24.9205,0.351933
-11.0092,16.5209,24.8874,0.433223
-10.8603,16.6761,25,0.233031
-12.2405,12.3996,43,0.026196
-12.3417,12.852,39.2,5.79612e-26
2.60141,-9.61052,96.847,1.19984e-25
50,43.1731,39.9161,1.19233e-25
42.5,41.0098,38.3674,2.43621e-25
45.5636,41.8935,39,7.73437e-26
-3.77554,27.6625,28.8121,1.56983e-25
5.13322,30.2321,30.6516,2.01407e-25
-22.2131,16.279,34.9215,0.0436842
-22.3024,16.3049,34.8729,0.0287939
-22.4069,16.3318,34.8212,0.0363563
-22.4803,16.3515,34.7588,0.0222478
-22.5117,16.3631,34.7,0.032868
-22.3581,22.2982,24.9711,0.0302056
-22.3534,22.2969,24.9404,0.0210024
-22.33,22.3023,24.9176,0.0244446
-22.2978,22.3075,24.9463,0.0377574
-22.2779,22.325,24.9602,0.0399523
-22.2524,22.3324,24.9868,0.0195673
-22.237,22.3377,25,0.015972
-16.5696,11.1235,43.0061,0.0465808
-16.5736,11.1268,43,0.00736818
-19.2142,13.5534,39.2,7.41994e-26
50,24.032,47.0134,3.5448e-25
40.1546,10.4219,38.7,1.19945e-25
18.7551,-17.9882,43,0.0330103
31.985,-0.871464,31.8017,1.28667e-25
23.8632,-12.1633,24.9682,0.0322632
23.8873,-12.1044,24.9328,0.0489958
23.9061,-12.0546,24.9586,0.0472599
23.9278,-12.0102,24.998,0.0387589
23.9298,-12.0067,25,0.00111591
27.2456,-7.42304,27.7998,6.18712e-26
19.3544,-19.5212,39.2,5.78571e-26
42.5,13.6642,40.6805,8.87864e-26
20.0813,-21.3148,34.7228,0.0856872
20.0928,-21.2937,34.7,0.00948734
12.9831,14.8169,43,0.048169
14.437,15.5257,34.7,0.100917
15.5697,16.3046,24.8045,0.149973
15.5961,16.2876,24.6292,0.118604
15.5948,16.2396,24.3881,0.223284
15.6788,16.203,24.147,0.17326
15.7345,16.2963,24.0632,0.87392
13.6487,15.1414,39.2,5.60331e-26
0.860905,-13.3811,93.8,2.43198e-25
-22.0447,-50,31.8945,2.84938e-25
-0.174137,-13.5609,91.3,6.9485e-26
-20.1355,-17.0325,43.0747,0.0135489
-20.1417,-17.0403,43.0501,0.00827618
-20.1539,-17.051,43.0273,0.0124888
-20.165,-17.0678,43.0055,0.0145267
-20.1671,-17.0726,43,0.00196778
-22.6308,-23.5502,34.9792,0.00544173
-22.6365,-23.5581,34.9614,0.00732274
-22.65,-23.5602,34.9416,0.0076195
-22.6663,-23.5581,34.9163,0.0200305
-22.6654,-23.552,34.8671,0.0167776
-22.661,-23.5618,34.7942,0.028957
-22.6828,-23.58,34.7455,0.0179158
-22.6865,-23.59,34.7237,0.00769262
-22.6779,-23.5998,34.7047,0.00711602
-22.6632,-23.6182,34.701,0.0101053
-22.6628,-23.6231,34.7,0.0049266
-22.6262,-23.5394,35,1.96377e-26
-22.5093,-30.1775,34.0029,4.58193e-26
-22.5369,-28.9979,34.1283,2.18783e-25
-21.3352,-20.1443,39.2,8.8462e-26
8.99723,-4.27878,95.0092,1.56849e-25
4.99204,50,40.524,1.88508e-25
0.782722,-0.0126681,43,0.0252816
2.93997,33.5961,38.7,4.84379e-25
4.05382,42.5,39.6901,1.18685e-25
-1.15424,-0.24134,34.7,0.103407
-1.21327,0.0915618,34.8589,0.136664
-1.22267,0.320568,35,0.0753307
-0.097631,9.31395,36,1.43113e-25
-0.481164,13.8384,93.8,1.95422e-25
17.9148,-50,40.6929,2.13514e-25
12.9479,-41.6705,38.7,2.68077e-25
-1.26044,13.971,91.3,5.58349e-26
-20.6376,18.8788,34.8315,0.0521085
-20.6735,18.8694,34.7,0.0311189
-21.1838,15.6718,24.9582,0.0334123
-21.2044,15.6415,24.9531,0.0230687
-21.238,15.6121,24.9678,0.0475872
-21.2106,15.6009,24.9949,0.032246
-21.1959,15.5888,25,0.0132243
-14.5304,4.41069,27.6745,6.52357e-26
-7.24095,-7.81377,30.5993,1.65501e-25
-16.3161,16.5323,43,0.0682115
-18.345,17.6332,39.2,6.23978e-26
4.99592,-28.335,35.5093,1.53054e-25
-50,27.413,37.2707,2.06693e-25
-29.7121,23.8448,29.5598,2.90889e-26
-15.1289,20.1067,34.7,0.0795066
-17.0635,22.4338,24.4154,0.450116
-17.0055,22.2571,23.974,0.443733
-17.0582,21.8684,23.5157,0.561374
-17.5352,21.6601,24.182,0.883502
-17.7222,21.5986,24.6211,0.336712
-17.7099,21.7342,24.9982,0.35006
-17.7148,21.7348,25,0.00224776
-30.6677,24.0129,29.923,2.82168e-26
-37.448,25.2054,32.5,5.71194e-26
-12.5523,18.573,43,0.0388603
-13.732,19.2752,39.2,6.1101e-26
10.1176,-3.27184,93.8,2.1105e-25
14.1814,14.1969,43,0.0205116
15.0192,17.448,34.7,0.082754
16.5263,19.9908,24.6793,0.195171
16.4724,20.0173,24.3099,0.581952
16.4782,20.0517,24.1795,0.863945
14.5649,15.6854,39.2,6.13166e-26
-50,14.464,18.7191,1.50705e-25
-30.3787,17.3718,27.5,1.07708e-26
-14.29,19.7561,34.7,0.0939603
-32.6132,17.0407,26.5,6.6072e-26
-11.5442,19.528,43,0.0263597
-12.8013,19.6324,39.2,5.64568e-26
-1.65874,-1.8513,43,0.0306814
36.6034,-50,33.9945,3.10201e-25
-16.5984,-6.88269,24.9914,0.022491
-16.618,-6.91169,24.985,0.024534
-16.6175,-6.94906,24.9867,0.0218453
-16.6161,-6.98036,24.9898,0.0203478
-16.5992,-7.00767,24.9965,0.028569
-16.5907,-7.01412,25,0.00820538
-9.43394,-4.95813,29.5757,3.30756e-26
-14.2252,-6.24267,26.5,8.84482e-26
-1.80563,-18.9619,27.5,1.65959e-25
13.3436,-31.2039,30.0616,1.61495e-25
20.5161,-37,31.2744,4.43145e-26
27.3223,-42.5,32.4252,1.95944e-25
8.38742,-27.1988,29.2235,1.74443e-25
-1.3736,-2.78454,34.8806,0.0371372
-1.38837,-2.79342,34.7556,0.0391188
-1.45137,-2.818,34.7,0.0328092
-8.38559,-4.67707,30.2487,3.30502e-26
-6.12472,-4.07093,31.7,1.23803e-25
-14.7473,9.84998,43.6991,3.75771e-26
-17.9824,12.341,34.7,0.113284
-22.7406,14.971,24.6853,0.312933
-22.8272,14.9414,24.3724,0.238275
-22.8849,14.8969,24.2377,0.110412
-23.1951,14.6741,24.1127,0.346127
-23.2764,14.5144,24.1478,1.06215
-15.0091,10.0495,43,0.0327324
-16.3704,11.0986,39.2,6.21073e-26
50,-30.2073,47.4155,3.7787e-25
11.628,16.3889,43.0065,0.0655865
11.629,16.3936,43,0.00366359
38.414,-13.306,38.7,1.4352e-25
42.5,-19.2665,41.7737,4.11654e-26
13.2591,22.8278,34.9277,0.0199145
13.2725,22.7906,34.8559,0.0159675
13.2884,22.7433,34.7729,0.0653418
13.309,22.7181,34.7,0.0153652
25.8129,5.07616,29.2208,9.44994e-26
32.0027,-3.95324,33.877,3.33731e-25
20.1469,13.3326,24.9884,0.014438
20.1678,13.3103,24.9957,0.016655
20.1868,13.2916,24.9993,0.0170436
20.2014,13.2622,24.9995,0.0228198
20.202,13.2613,25,0.000267533
12.3933,19.4307,39.2,7.06551e-26
41.7374,-18.154,41.2,1.4352e-25
9.7653,7.07267,93.8,2.17673e-25
-26.2147,8.08149,32.7136,3.16783e-26
-25.3726,8.78901,32.9024,1.59472e-25
-17.4615,15.7628,34.9378,0.0176709
-17.4274,15.7391,34.8962,0.0286416
-17.4023,15.7203,34.8431,0.0156707
-17.3834,15.6703,34.7846,0.0187073
-17.3763,15.6252,34.7539,0.0145207
-17.3661,15.5802,34.7271,0.0188182
-17.3553,15.5258,34.7003,0.0340592
-17.3561,15.5249,34.7,0.000304953
-32.7785,2.56617,31.2417,1.52623e-25
-37,-0.980919,30.2951,3.94376e-26
-14.3229,14.4777,43.0405,0.0152688
-14.3361,14.4857,43,0.0641569
-15.8156,15.0885,39.2,6.1463e-26
-10.9596,4.019,93.8,2.05109e-25
-9.01884,-4.40241,100.8,2.02511e-26
-11.6388,18.2755,34.7,0.0858257
-12.1612,16.9068,35,0.0796905
-11.905,21.3803,24.6622,0.243088
-12.073,21.2095,25,0.362179
-11.6452,16.079,43,0.02757
-11.5465,14.1548,43.1,0.0269821
-11.6423,17.0846,39.2,5.89511e-26
-11.6907,14.8003,41.2,5.96098e-26
-50,25.2413,41.2875,1.23581e-25
-42.5,24.9335,37.0856,2.17832e-26
-45.917,25.0737,39,9.2326e-26
-29.454,24.3982,29.7764,3.63052e-26
-15.1425,21.0813,34.7,0.0975144
-19.4783,23.8001,24.7435,0.283733
-19.8022,23.9868,24.6896,0.269027
-20.0923,24.1671,24.7314,0.250369
-20.4481,24.2521,24.7764,0.254776
-20.764,24.1698,24.9154,0.246319
-20.9286,24.0484,25,0.248723
-30.4814,24.4404,30.352,3.25171e-26
-12.2121,17.9923,43,0.0332685
-13.5537,19.4065,39.2,6.38318e-26
50,11.1183,39.3048,1.21065e-26
16.3549,11.0969,43,0.0276569
49.4072,11.2223,39,1.94767e-25
19.6146,13.1448,34.7,0.0931685
30.6001,14.5215,29.3306,2.97238e-26
21.8047,14.8531,24.9366,0.0421295
21.8195,14.8829,24.8012,0.114541
21.7785,14.9831,24.7229,0.0869048
21.8026,15.1527,24.7358,0.125317
21.8684,15.2683,24.7501,0.0909884
21.9702,15.3555,24.7594,0.0980803
22.0598,15.4626,24.747,0.136707
22.075,15.6118,24.7703,0.114404
22.0997,15.7268,24.728,0.0803753
22.173,15.8191,24.7228,0.0732395
22.2202,15.9387,24.7928,0.129907
22.174,15.9761,24.9174,0.11429
22.1769,15.9991,25,0.0607872
31.5416,14.3564,29.8147,2.86185e-26
36.7646,13.4401,32.5,2.32416e-26
17.8473,12.0345,39.2,5.99067e-26
-0.290593,-50,37.8761,2.6186e-25
13.8623,-15.1707,43,0.0270827
19.3655,-23.5701,24.8179,0.19707
19.4753,-23.7602,24.5889,0.260518
19.6004,-23.939,24.4534,0.281071
19.6796,-24.173,24.2269,0.345953
19.8875,-24.5502,24.1894,0.313207
19.9931,-24.7297,24.3143,0.178055
20.039,-24.9598,24.4453,0.242746
20.0032,-25,24.4567,0.0408113
15.4009,-30.6696,27.5,3.16785e-26
14.6297,-31.6196,28.01,3.26824e-26
10.2622,-37,30.898,3.74085e-26
7.83958,-39.9844,32.5,6.9691e-26
14.5892,-16.7756,39.2,6.14009e-26
15.3389,-30.7459,27.541,2.85656e-27
15.4499,-18.6762,34.7,0.0858732
18.604,17.8044,43,0.0298537
20.6485,19.9621,34.7,0.0826196
23.6923,19.281,24.8089,0.142346
23.8023,19.294,24.6282,0.146503
23.7221,19.3989,24.4551,0.287514
23.5656,19.4252,24.1715,0.276219
23.5595,19.4128,24.1536,0.0177786
23.5495,19.391,24.1361,0.0190508
23.4681,19.322,24.14,0.736194
19.54,18.7923,39.2,5.88001e-26
10.5643,4.68791,93.8,2.16981e-25
-12.2907,15.7191,34.9796,0.00822626
-12.2982,15.7156,34.9613,0.00769919
-12.3093,15.715,34.9433,0.0113253
-12.3181,15.7119,34.9113,0.0176834
-12.3275,15.728,34.8668,0.0171306
-12.3757,15.7515,34.812,0.0362476
-12.4089,15.7455,34.7717,0.0291267
-12.4368,15.7286,34.7436,0.0185722
-12.4515,15.7083,34.7366,0.0178493
-12.466,15.6962,34.7276,0.0121358
-12.472,15.6912,34.7117,0.00944197
-12.4755,15.6897,34.7,0.0141428
-18.2874,19.0818,34.7022,0.00207412
-18.289,19.0834,34.7044,0.00180796
-18.2904,19.0854,34.7057,0.000854904
-18.2923,19.088,34.7067,0.0014146
-18.2941,19.0913,34.7079,0.00274203
-18.2938,19.0935,34.7123,0.00425685
-18.2953,19.097,34.7183,0.00375565
-18.295,19.099,34.7281,0.00984826
-18.3043,19.1094,34.7374,0.020514
-18.3127,19.1119,34.7418,0.0579168
-14.2906,14.7636,24.9985,0.00262055
-14.2914,14.7642,24.9998,0.00164255
-14.2916,14.7643,25,0.000199981
-11.1661,15.5854,43.0392,0.0211305
-11.1911,15.5882,43,0.0158981
-11.7117,15.6524,39.2,7.24208e-26
-50,-25.0087,44.9661,1.79055e-25
-41.3337,-12.2077,38.7,1.46062e-25
-27.0605,8.87523,28.3799,2.8878e-26
-19.3151,12.0129,34.8391,0.048747
-19.3461,12.04,34.7,0.0460655
-32.1301,1.38694,32.0454,1.44644e-25
-22.1675,15.6348,24.9616,0.0188458
-22.1898,15.6553,24.9249,0.0353162
-22.2119,15.7045,24.9058,0.0438392
-22.223,15.7546,24.9282,0.0424148
-22.2344,15.7896,24.9597,0.0460704
-22.2659,15.8115,24.9772,0.0282564
-22.3184,15.802,24.9741,0.0401596
-22.3676,15.7973,24.9902,0.131697
-22.386,15.78,25,0.024353
-27.7164,7.90638,28.8541,2.9321e-26
-16.8929,11.4136,43,0.0237095
-18.0281,11.6791,39.2,5.56431e-26
-44.7913,-17.315,41.2,1.46062e-25
1.17055,-1.72908,43,0.027379
1.73602,-3.9176,24.4454,0.448548
1.80034,-4.04094,23.8807,0.551892
2.05281,-4.60664,23.7632,0.472207
2.13293,-4.92397,23.7951,0.259185
2.13281,-4.92402,23.7954,0.0176797
1.84629,-2.91583,34.7,0.0702553
-3.536,-13.3729,93.8,2.00445e-25
-36.0978,-50,35.2764,3.89458e-25
-2.61586,-13.283,91.3,5.727e-26
15.1614,-11.5466,43,0.0277559
-4.90916,-30.4202,29.3377,5.09512e-27
17.7438,-16.0548,24.9629,0.0220972
17.773,-16.0507,24.9321,0.0209289
17.794,-16.0463,24.9021,0.0242033
17.8143,-16.0204,24.8596,0.0273829
17.8896,-15.9948,24.84,0.0723522
17.9455,-16.028,24.8748,0.0874471
17.936,-16.0665,24.907,0.0407513
17.9087,-16.0935,24.944,0.0391384
17.8951,-16.1039,24.9729,0.0188605
17.8811,-16.1145,24.9968,0.0228097
17.8715,-16.1188,25,0.00577456
4.74203,-24.3613,27.5,8.19619e-26
-15.3902,-37,31.3334,5.56369e-26
-21.5169,-40.8463,32.5,1.83435e-25
17.1682,-11.9674,39.2,6.11423e-26
2.71848,-25.6316,27.8853,2.48199e-26
19.4379,-12.4714,34.8838,0.0402487
19.4973,-12.5098,34.8049,0.0250755
19.5145,-12.5109,34.7,0.0331592
-46.8154,-50,47.2811,3.55756e-25
-35.9455,-40.8471,38.7,1.08418e-25
-11.1001,-16.3075,43,0.0272528
-12.9742,-19.0162,34.7,0.0962702
-23.0099,-29.9548,28.4882,3.77519e-26
-16.651,-23.3133,24.3448,0.650719
-16.652,-23.9572,23.7203,0.636224
-16.6595,-24.4969,23.1752,0.576537
-16.735,-24.6103,23.3345,0.139615
-17.0284,-24.953,23.7938,0.473893
-17.1256,-25,23.8429,0.069493
-23.9054,-30.7088,29.1951,3.58652e-26
-28.0917,-34.2339,32.5,4.52327e-26
-11.9581,-17.5476,39.2,6.31269e-26
-37.9085,-42.5,40.2497,5.69018e-26
-11.6112,18.6703,34.7,0.0858973
-13.8886,22.9427,24.4648,0.541354
-14.1976,23.1261,24.1378,0.376846
-14.2934,23.5448,23.6504,0.845733
-14.4756,24.0507,23.2629,0.584748
-14.5641,24.13,23.1611,0.956007
-10.2897,15.4687,43,0.0263514
-10.8947,16.9345,39.2,6.27548e-26
-13.9796,-11.9801,43,0.0363359
-15.3544,-13.2335,34.7,0.0745122
-17.4976,-15.9796,24.6148,0.336205
-17.5129,-16.0961,24.1912,0.382182
-17.3995,-16.2028,23.7826,0.537835
-17.2107,-16.463,23.0561,0.594693
-17.3137,-16.5656,22.8651,0.200655
-17.3588,-16.6125,22.7665,0.789111
-14.609,-12.554,39.2,5.86502e-26
-20.4684,-50,40.2166,7.88842e-26
-19.7739,-42.5,37.1624,3.26639e-26
-20.1918,-47.0124,39,1.15433e-25
-12.0635,-13.9521,43,0.150138
-13.3269,-13.6099,34.7,0.122726
-18.6995,-30.8975,32.4374,2.88348e-26
-18.6021,-29.8455,32.009,2.18299e-26
-16.8049,-12.8703,24.9108,0.0952169
-16.8487,-12.8262,24.8296,0.0562288
-16.8932,-12.8118,24.7393,0.096221
-16.9627,-12.7646,24.6242,0.0828681
-17.0964,-12.6673,24.5415,0.14799
-17.1941,-12.5232,24.7322,0.271971
-17.0445,-12.5596,24.8095,0.124989
-17.0155,-12.5892,24.9102,0.0654444
-17.0083,-12.6343,25,0.0937762
-18.7137,-31.0512,32.5,1.27629e-27
-12.642,-13.7954,39.2,5.46151e-26
-14.6734,50,39.7808,6.61121e-26
0.66137,-0.785485,43.042,0.0205146
0.665293,-0.768385,43,0.0141648
-13.467,42.5,37.2325,5.17128e-26
-14.3038,47.7021,39,1.55151e-25
-11.3639,29.4249,32.79,4.53568e-26
-11.1319,27.9826,32.2999,5.82607e-26
-7.66165,6.45051,24.9913,0.012964
-7.66955,6.46408,24.9926,0.0149357
-7.67551,6.47826,24.9949,0.0110773
-7.67532,6.4928,24.9988,0.011624
-7.67598,6.49765,25,0.002299
-8.40325,11.019,26.5362,3.51738e-27
0.622626,0.22445,34.9473,0.0148363
0.6171,0.236484,34.8919,0.0755287
0.622929,0.257316,34.8212,0.0201062
0.604588,0.294685,34.7616,0.0190024
0.58473,0.326023,34.7153,0.0234309
0.576236,0.336453,34.7,0.0101913
29.7526,-20.1767,34.1337,1.27264e-25
50,-20.5981,31.1884,2.28825e-25
20.2039,-19.8818,43.058,0.0210562
20.2214,-19.8843,43.0176,0.0136813
20.2286,-19.8839,43,0.00683069
42.5,-20.442,32.2794,4.95753e-26
22.6102,-19.9545,39.2,7.01777e-26
25.2425,-20.0326,35,3.50888e-26
30.8576,-20.1997,33.973,3.4468e-26
25.2708,-20.025,34.9635,0.0130801
25.288,-20.0216,34.9229,0.013252
25.313,-20.0161,34.8761,0.0138743
25.3799,-19.998,34.8302,0.0255576
25.4451,-20.0347,34.7892,0.0314764
25.4929,-20.0541,34.775,0.0150697
25.5179,-20.0753,34.7591,0.0134565
25.5531,-20.0877,34.742,0.0124873
25.5674,-20.0896,34.7425,0.00407644
4.5407,-50,39.4587,3.36288e-26
-0.918506,3.53715,43,0.0296184
3.87425,-42.5,37.1552,4.26703e-26
4.40798,-48.5064,39,1.58539e-25
2.70194,-29.3071,33.1031,1.47371e-25
0.406801,-3.1251,24.9434,0.0475217
0.423555,-3.12771,24.8842,0.0423499
0.44641,-3.10719,24.8225,0.0497182
0.421339,-3.03463,24.9042,0.0658142
0.394978,-3.00945,24.9424,0.206087
0.363013,-2.96233,24.9616,0.0467477
0.365109,-2.90376,24.9624,0.0635442
0.338959,-2.8675,24.9936,0.045941
0.357578,-2.92432,24.9999,0.0349815
1.08088,-11.0641,27.5,7.51819e-26
2.24703,-24.1877,31.5308,5.22593e-26
-1.62371,2.68115,34.7859,0.0554854
-1.58638,2.64263,34.7,0.0631698
-0.351587,0.92046,43,0.0637318
2.80053,0.451565,24.8086,0.154816
3.18659,0.430983,24.4705,0.74662
3.66231,0.463872,24.3312,0.628277
3.81775,0.442636,24.3407,0.959009
4.51748,-0.998867,24.0215,0.0003113
4.5193,-0.998285,24.0202,0.0630046
1.24571,0.724797,34.7,0.0962082
20.8993,-11.4424,31.7,8.21745e-26
7.89743,-9.74206,93.8,1.92851e-25
18.3715,-10.889,43,0.0291854
22.1748,-11.8405,24.8866,0.0771815
22.1532,-11.8108,24.7849,0.093135
22.1181,-11.8048,24.7423,0.0654231
22.1073,-11.8114,24.7262,0.245387
19.2743,-11.056,39.2,5.54716e-26
20.272,-11.2404,35,2.77358e-26
20.3433,-11.2536,34.7,0.14739
5.21972,-10.2971,93.8,2.11708e-25
50,19.4797,42.8353,2.12493e-25
33.0766,11.0673,38.7,2.48462e-25
-14.5498,-12.4657,43,0.0259689
-16.9624,-13.3752,34.7,0.0852668
-8.17577,-9.43897,28.6199,2.91457e-26
13.51,1.34086,33.9188,1.30835e-25
-22.3014,-15.9954,24.7214,0.238586
-22.438,-16.2083,24.5443,0.297003
-22.4554,-16.245,24.5008,0.0495929
-22.5182,-16.5069,24.3991,0.219897
-22.6422,-16.7557,24.5417,0.228548
-22.8656,-16.9523,24.6851,0.532393
-23.0301,-17.0518,24.9386,0.225822
-23.0731,-16.8963,25,0.27521
-23.0441,-16.8403,24.9978,0.0403947
-22.9968,-16.8058,24.9983,0.0419537
-22.99,-16.803,25,0.00303843
-7.27864,-8.99301,28.8391,2.72336e-26
-5.3814,-8.0499,29.3027,3.12577e-26
-15.6544,-12.8821,39.2,5.89547e-26
42.5,15.7516,41.0026,2.23942e-25
-4.24092,-7.48298,29.5814,3.19477e-26
13.7,1.4353,33.9653,5.7298e-27
8.46694,-1.16601,32.6866,1.22562e-25
9.7369,-2.1848,100.256,1.61327e-26
-15.9905,-50,36.7324,2.03201e-25
-10.4264,-15.043,43,0.0249343
-9.86138,-14.6826,44.6045,8.76327e-27
-13.1306,-17.8499,34.7,0.189948
-15.6926,-30.7139,28.8743,3.04951e-26
-15.0413,-20.8235,24.8546,0.141013
-15.1891,-20.861,24.8421,0.093146
-15.3287,-20.8912,24.8223,0.0952088
-15.4407,-20.9894,24.8253,0.100246
-15.4991,-21.0918,24.9034,0.0979781
-15.5458,-21.2053,25,0.147225
-15.71,-31.839,29.3327,3.02678e-26
-15.7897,-37,31.4355,2.90288e-26
-15.8301,-39.6125,32.5,7.12451e-26
-11.6645,-16.3281,39.2,6.04383e-26
10.0847,-6.99669,93.8,2.09951e-25
-5.93635,-50,31.0083,2.02026e-25
-14.0516,-15.8388,43,0.0245886
-16.0267,-19.501,34.9132,0.0270677
-16.053,-19.5987,34.8146,0.0441436
-16.1034,-19.7107,34.8034,0.033421
-16.162,-19.7593,34.7052,0.0507838
-16.1246,-19.8463,34.7,0.0328388
-12.7747,-29.761,33.4862,2.6273e-26
-13.0982,-28.8035,33.6034,1.41947e-25
-8.47044,-42.5,31.9265,1.35185e-25
-14.979,-17.5498,39.2,6.02069e-26
9.52865,-9.77339,93.8,2.16514e-25
8.44179,-10.0819,91.3,6.18613e-26
-12.5564,-16.043,43,0.0261379
-16.7373,-16.7891,34.7,0.0982447
-24.4512,-17.5106,24.8244,0.2275
-24.7343,-17.4989,24.7181,0.243263
-25,-17.4828,24.6939,0.237146
-14.4705,-16.3846,39.2,6.32957e-26
10.2025,0.0946243,93.8,2.03501e-25
50,-12.937,36.32,2.01261e-25
12.2612,-19.5237,43,0.0284567
14.0222,-22.8167,24.87,0.0756224
14.0372,-22.7755,24.7449,0.160276
14.1048,-22.6853,24.6473,0.113999
13.9729,-22.77,24.7513,0.17165
13.876,-22.7681,24.8754,0.567908
13.8984,-22.7884,25,0.0718705
32.0481,-17.8357,30.691,2.8975e-26
37.8173,-16.2614,32.5,5.22494e-26
12.4912,-20.7008,39.2,5.68032e-26
31.0403,-18.1107,30.375,2.99992e-26
12.7635,-22.0948,34.7,0.0790887
-43.4188,-50,31.9073,2.21739e-25
-19.8434,-15.7813,43,0.032077
-23.1023,-17.4817,34.7,0.112189
-28.3651,-25.9053,33.9766,2.90997e-26
-27.7631,-24.9416,34.0593,1.57646e-25
-35.8431,-37.8744,32.9487,1.23215e-25
-21.3354,-16.5598,39.2,5.87327e-26
38.6159,50,47.9225,2.75289e-25
14.3059,14.9799,43,0.0942072
31.4226,38.4798,38.7,9.82503e-26
33.9328,42.5,41.9184,3.52899e-26
16.7443,17.2725,34.7,0.0835591
25.4106,28.8515,30.9922,3.29481e-26
19.2812,20.1446,24.668,0.267898
19.5432,20.1929,24.371,0.281061
19.7842,20.5331,24.4082,0.37271
20.1512,20.7858,24.3843,0.325238
20.4378,20.9996,24.5173,0.223305
20.6156,21.2194,24.8284,0.335109
20.7369,21.3665,25,0.17058
20.2437,21.2504,24.6759,0.0015418
20.2435,21.251,24.6749,0.0430434
25.8715,29.5897,31.5831,2.903e-26
15.4223,16.0295,39.2,6.16616e-26
33.3725,41.6027,41.2,9.82503e-26
-4.78709,12.4835,93.8,2.02839e-25
-5.43943,12.5479,91.3,5.79541e-26
-20.2173,14.4355,34.7,0.091683
-18.731,13.2323,24.7878,0.180411
-18.6908,13.1509,24.5078,0.234663
-18.7886,13.1159,24.355,0.138731
-18.7519,13.1603,24.1042,0.17532
-18.3389,13.1159,24.172,0.380621
-18.302,12.9809,24.0955,0.968692
-18.0427,13.7919,43,0.0211664
-19.0383,14.0865,39.2,5.80927e-26
-50,-7.17263,17.4654,2.1956e-25
-14.0284,-15.3795,43,0.0402289
-16.9489,-18.7314,34.7,0.108752
-30.5108,-13.9884,27.6281,3.01938e-26
-32.6742,-13.2319,26.5,7.00725e-26
-15.3655,-16.9141,39.2,6.23733e-26
-0.485032,9.95223,96.3877,1.37006e-25
-48.1128,-13.2351,38.7,1.11466e-25
-15.9853,-10.664,43,0.0265747
-19.1927,-13.4827,34.7,0.0801927
-30.9938,-16.1147,28.8004,3.11979e-26
-24.0768,-17.2362,24.7905,0.230885
-24.2833,-17.2316,24.9346,0.225782
-24.4219,-17.2202,25,0.121158
-31.8539,-15.97,29.2978,2.77207e-26
-37.3913,-15.0386,32.5,4.48419e-26
-17.4537,-11.9545,39.2,6.28544e-26
-52.4359,-12.5079,41.2,1.11466e-25
-50,47.3019,45.5559,3.72239e-25
11.5587,18.2376,43,0.114391
-28.6355,40.0525,38.7,1.82991e-25
12.8662,20.0403,34.7,0.0839325
15.9438,24.4473,24.8307,0.16142
15.9498,24.5963,24.686,0.175903
15.9129,24.7559,24.5735,0.189416
15.8926,24.8148,24.534,0.0543498
15.7829,24.9328,24.4883,0.216149
15.7256,25,24.4645,0.0952234
6.26624,28.2097,27.5,9.14956e-26
12.1573,19.0629,39.2,5.72912e-26
-35.8485,42.5,41.0146,1.66032e-25
-10.5919,4.8937,93.8,2.02e-25
-16.5967,-11.5175,43,0.0481453
-17.4259,-14.5137,34.7,0.0873949
-19.0758,-17.9417,24.8938,0.199125
-19.1593,-18.0092,24.8113,0.107684
-19.252,-18.1007,24.7465,0.155108
-19.3788,-18.1098,24.6792,0.10857
-19.4237,-18.1214,24.6494,0.47044
-16.9763,-12.8893,39.2,5.82213e-26
-10.736,0.483033,93.8,1.94584e-25
-11.7772,-14.923,43,0.0382926
-10.9727,-19.2899,34.8292,0.0419111
-11.0611,-19.2439,34.7,0.0611213
-10.9536,-19.2165,35,3.03304e-26
-11.3406,-19.1029,34.4228,1.11599e-26
-20.8858,-14.2902,24.9801,0.035885
-20.916,-14.2891,24.9536,0.0279262
-20.9504,-14.2933,24.9298,0.0318207
-21.0004,-14.3008,24.9331,0.0389331
-21.0438,-14.321,24.9384,0.0275529
-21.0925,-14.3274,24.9599,0.0376522
-21.1372,-14.3197,24.9779,0.0329865
-21.1844,-14.3178,24.9775,0.0401367
-21.23,-14.3264,24.9551,0.0332761
-21.2637,-14.3403,24.9237,0.0542124
-21.307,-14.3528,24.9044,0.0340165
-21.3415,-14.3186,24.9151,0.0281963
-21.3275,-14.2955,24.9543,0.0339198
-21.3227,-14.3004,24.9937,0.049619
-21.3253,-14.2952,25,0.01267
-11.386,-16.9624,39.2,6.06607e-26
-11.6624,-14.6912,43,0.0566791
-13.0377,-16.5024,34.7,0.0988829
-14.1009,-21.5168,24.845,0.15217
-14.2423,-21.6278,24.7121,0.185788
-14.3444,-21.4765,24.8497,0.217767
-14.3868,-21.3161,24.7605,0.121782
-14.416,-21.1151,24.7217,0.188868
-14.272,-21.0137,24.8815,0.212398
-14.3167,-20.9924,24.9826,0.103728
-14.2604,-21.0341,24.8842,0.222787
-14.1996,-20.9175,24.8587,0.197171
-14.1767,-20.9109,24.8548,0.272928
-12.292,-15.5204,39.2,5.79182e-26
-4.57698,-9.66062,93.8,2.04643e-25
50,-2.4181,43.9009,2.33812e-25
41.7175,-5.55864,38.7,1.06384e-25
12.0481,-13.0169,43,0.0264646
19.7052,-14.2538,24.8628,0.148315
19.8224,-14.2659,24.6779,0.159602
19.7281,-14.3385,24.5377,0.149198
19.4615,-14.235,24.5941,0.355729
19.5764,-14.1316,24.7346,0.147996
19.6817,-13.9988,24.8684,0.147504
19.8088,-13.889,24.9534,0.13334
19.9003,-13.8313,25,0.082522
29.5963,-10.1548,31.0886,3.09308e-26
13.3657,-13.3163,39.2,5.88328e-26
28.633,-10.52,30.4836,3.13531e-26
14.9261,-13.6708,34.7,0.119027
11.5607,-1.67539,93.8,2.1063e-25
25.5392,50,43.2064,2.20568e-25
19.8207,12.1931,43,0.0374521
25.0171,42.3541,38.7,1.07426e-25
20.9887,14.2135,34.7,0.09293
24.1478,29.6242,31.1972,3.5033e-26
22.3831,16.8909,24.5327,0.392715
22.477,17.1539,24.2313,0.326068
22.6,17.585,24.1265,0.366286
22.8852,18.0508,24.2657,0.502268
23.035,18.4297,24.5444,0.35416
23.2256,18.8114,24.7488,0.56498
23.4297,19.1096,25,0.3493
24.2129,30.5785,31.7596,3.02109e-26
20.3554,13.1181,39.2,5.95465e-26
-3.59328,-9.30964,98.824,6.16334e-26
19.1385,16.4894,43,0.348524
22.9476,50,34.4619,1.87733e-25
21.7224,29.5175,34.6315,1.44221e-25
20.9036,20.9084,34.8547,0.0451507
21.0293,21.0293,34.7852,0.102496
21.1458,21.1333,34.7376,0.0454044
21.2271,21.2383,34.7,0.0503317
21.7854,30.5714,34.6227,2.68626e-26
19.9544,18.5306,39.2,6.14241e-26
34.53,50,47.8386,2.63851e-25
11.3083,20.6375,43,0.0313134
27.8649,38.6324,38.7,9.37734e-26
30.1326,42.5,41.8092,2.85647e-26
14.0412,22.3662,34.7,0.0946691
22.919,30.1971,31.9187,3.35758e-26
17.6078,21.552,24.9035,0.0956393
17.7284,21.5368,24.8686,0.118484
17.8233,21.5872,24.8947,0.0876384
17.8713,21.5876,24.9975,0.0716244
17.8729,21.5908,25,0.0048807
23.343,30.9202,32.5,2.72531e-26
12.5595,21.4289,39.2,5.78661e-26
29.6882,41.7422,41.2,9.37734e-26
14.2064,16.5769,43.0492,0.0136664
14.2262,16.5856,43,0.0095176
-28.7261,10.853,29.9949,2.82311e-26
17.2502,18.4369,34.7,0.074049
16.4721,20.2603,24.8717,0.0974099
16.4432,20.3222,24.8111,0.0877719
16.3916,20.4134,24.7744,0.0784025
16.2782,20.4841,24.736,0.0925588
16.1572,20.5079,24.7375,0.077741
16.022,20.5289,24.8282,0.122358
15.9463,20.4724,24.8988,0.0784475
15.8615,20.466,24.9581,0.0593324
15.8023,20.4548,25,0.0583498
-6.30917,15.6869,27.4803,2.39047e-25
-29.9049,10.5989,30.1272,2.82614e-26
-37,9.06893,30.9231,2.73528e-26
-42.5,7.88295,31.54,9.75891e-27
15.6107,17.4332,39.2,5.85989e-26
9.19856,-3.9021,100.273,1.64504e-26
1.05182,11.3467,100.8,1.93509e-25
-18.767,15.6594,34.7,0.119185
-14.0886,16.8308,35,0.103315
-19.5241,18.4005,24.8443,0.113348
-19.5317,18.415,24.6654,0.114637
-19.5857,18.3058,24.527,0.124383
-19.7124,18.0428,24.4293,0.214713
-19.5984,17.9355,24.6972,0.23987
-19.4509,17.9072,24.7961,0.13016
-19.2864,17.949,24.8732,0.183154
-19.2353,17.9637,25,0.106427
-16.1551,12.5557,43,0.0278623
-12.3462,17.5637,43.1,0.0228922
-17.3509,13.9767,39.2,6.13893e-26
-12.7549,17.3918,41.2,5.50235e-26
-14.0455,-2.019,93.8,1.9528e-25
21.1914,50,40.9113,1.32007e-25
2.06487,1.06398,43,0.0478189
19.208,42.5,37.8572,8.4335e-26
19.9502,45.3063,39,6.84453e-26
-13.2527,-1.86728,91.3,5.57943e-26
15.861,29.8436,32.7033,7.31177e-26
16.1617,30.9804,33.1662,3.21718e-26
10.7207,10.7619,24.9619,0.0822343
10.7718,10.7937,24.9407,0.0592758
10.777,10.8505,24.9619,0.0863891
10.8267,10.8919,24.9797,0.0441641
10.8585,10.9266,25,0.0424674
7.50135,7.56526,29.0438,3.3181e-26
9.49968,9.56466,26.5,7.36236e-26
3.05635,3.06282,34.8105,0.0579974
3.05793,3.11944,34.7,0.0275944
3.05277,2.98416,35,2.38711e-26
6.84462,6.90817,29.8797,3.53999e-26
5.41467,5.47745,31.7,1.19073e-25
5.65612,8.23229,98.7258,6.50964e-26
-14.6874,-13.6815,43,0.0269099
-18.2044,-17.0481,34.7,0.0901906
-23.6157,-18.6534,24.8111,0.15146
-23.7372,-18.5859,24.6719,0.139553
-23.931,-18.5254,24.5653,0.164597
-24.0984,-18.5043,24.4117,0.140897
-24.3321,-18.6595,24.2006,0.258151
-24.6296,-18.7887,24.123,0.405513
-24.7996,-18.8576,24.2336,0.201104
-24.9281,-18.8836,24.3732,0.131929
-25,-18.8568,24.4973,0.102551
-16.2976,-15.2229,39.2,6.40886e-26
23.2409,-50,47.6098,2.63907e-25
19.0972,-40.2506,38.7,8.25066e-26
15.2296,-15.4937,43,0.0317649
12.7802,-24.7464,24.9366,0.0567144
12.7033,-24.7782,24.881,0.108039
12.6413,-24.823,24.845,0.0630592
12.573,-24.8158,24.7844,0.0577244
12.5377,-24.8391,24.6847,0.0809269
12.4901,-24.8875,24.6242,0.0557422
12.5219,-24.9192,24.6921,0.0661448
12.5897,-24.9696,24.7337,0.0816131
12.6153,-25,24.7626,0.0512255
15.4947,-31.7747,30.954,4.08485e-26
15.7391,-17.4362,39.2,6.0445e-26
20.0532,-42.5,40.7557,6.41768e-26
15.0213,-30.6608,29.936,4.34951e-26
16.3425,-19.7366,34.7,0.0975774
21.3241,-6.50578,34.296,1.56695e-25
16.6737,50,31.1004,1.89402e-25
15.9848,-18.6331,43,0.0226827
19.8465,11.4489,33.2806,1.38912e-25
18.3156,30.0498,32.2286,1.38069e-25
20.2734,6.26109,33.574,2.73513e-26
18.226,31.139,32.167,2.8121e-26
20.6703,1.43916,33.8466,9.77391e-27
18.1534,32.0209,32.1172,2.38633e-26
17.291,42.5,31.5245,1.75873e-25
18.58,-16.7045,39.2,6.97992e-26
21.2338,-5.40754,34.2339,2.82505e-26
21.5271,-14.4768,34.8792,0.0402802
21.6478,-14.3422,34.7557,0.0492733
21.7027,-14.1599,34.7534,0.0450637
21.7469,-14.0029,34.7378,0.0460909
21.8137,-13.8511,34.7183,0.0792916
21.9121,-13.6502,34.7,0.0951244
2.98949,-10.7999,93.8,1.97962e-25
-15.0075,-15.6704,43,0.0478543
-16.7278,-16.1331,34.7609,0.0988993
-16.7537,-16.1356,34.7,0.0170261
-21.9277,-15.6491,24.9483,0.080511
-21.9251,-15.6432,24.8877,0.035754
-21.9192,-15.6474,24.8618,0.0140277
-21.9173,-15.6459,24.8565,0.110855
-15.7792,-15.8745,39.2,5.42499e-26
-9.79574,-9.60263,93.8,2.04019e-25
0.317501,-3.44289,43,0.0320765
-9.29804,-9.29949,91.3,5.82911e-26
3.14421,-1.88538,24.671,0.193464
3.00352,-1.66102,24.4541,0.310354
2.90654,-1.64554,24.2176,0.227293
2.94888,-1.645,24.0691,0.690486
2.96602,-1.65621,24.0593,0.262259
2.00057,-2.61957,34.7,0.0914778
-9.31946,-5.90536,93.8,1.89373e-25
-0.0369977,-2.57374,43,0.036771
9.53629,-50,32.6021,1.88677e-25
5.64356,-27.1015,33.624,9.10197e-26
5.06676,-23.7086,33.7754,5.31628e-26
5.98032,-29.0825,33.5356,5.32141e-26
1.42499,-2.80402,34.7651,0.0824865
1.5447,-2.99057,34.7,0.0624778
2.60475,-9.22612,34.4217,2.69019e-26
2.41839,-8.12992,34.4706,1.24371e-25
9.76019,8.69354,93.8,1.88957e-25
10.8115,13.7724,43,0.0223124
9.81193,8.94349,91.3,5.39877e-26
11.714,13.8375,31.7,8.13066e-26
11.7067,14.2894,34.7,0.0845687
11.6743,14.2707,35,2.70501e-26
11.7224,12.7889,24.9078,0.0656694
11.6569,12.7992,24.8258,0.227863
11.6266,12.8284,24.7188,0.074223
11.6248,12.835,24.6751,0.0303801
11.6529,13.0037,24.6373,0.158244
11.6616,13.0399,24.5905,0.496683
11.2214,14.0091,39.2,5.41002e-26
-21.0393,-50,39.8964,5.17947e-26
-20.9407,-48.1927,39,1.67503e-25
-18.4888,-10.3945,43,0.0212593
-18.4735,-13.3129,34.8546,0.0854177
-18.4807,-13.3692,34.7386,0.0375289
-18.4766,-13.3857,34.7,0.013537
-19.9913,-30.7845,30.3653,3.27116e-26
-19.3403,-19.6009,24.9664,0.0389233
-19.3564,-19.6368,24.9579,0.0293415
-19.3766,-19.6537,24.939,0.0185686
-19.4046,-19.6649,24.9207,0.0275889
-19.4222,-19.6812,24.8961,0.0309405
-19.4626,-19.6998,24.875,0.0350759
-19.4613,-19.7547,24.9095,0.0602579
-19.4541,-19.8019,24.9156,0.0485852
-19.4181,-19.8399,24.9168,0.0428519
-19.3951,-19.8699,24.9189,0.026938
-19.3944,-19.9115,24.9263,0.0206432
-19.4052,-19.9327,24.9583,0.0349114
-19.4023,-19.9551,24.9886,0.0315786
-19.4014,-19.9678,25,0.014298
-20.052,-31.8973,30.9172,3.38061e-26
-18.4959,-11.7482,39.2,5.6689e-26
-9.94787,0.529282,100.49,1.10096e-26
-5.05429,11.3481,100.8,2.72775e-25
10.6933,15.2686,43.0785,0.01206
10.691,15.2899,43.0625,0.0145408
10.6846,15.3123,43.0493,0.0194952
10.6851,15.3448,43.0416,0.0115031
10.6846,15.3703,43.0372,0.00701162
10.6863,15.3943,43.0251,0.00806853
10.683,15.4155,43.0053,0.0107292
10.683,15.4186,43,0.00242459
8.42631,18.888,44.9,1.44181e-25
10.822,20.1962,34.9816,0.00809701
10.8248,20.2064,34.9652,0.00892968
10.8279,20.2194,34.9496,0.00614943
10.8231,20.2205,34.9774,0.0116407
10.8157,20.2226,34.9945,0.00623897
10.8138,20.2234,35,0.000780283
10.8169,20.1841,35,4.1189e-26
10.5726,20.0885,36,3.89678e-26
10.7466,17.6822,39.2,8.23779e-26
9.31859,19.3871,41.2,7.79356e-26
-6.33012,-10.2868,93.8,2.07507e-25
-14.7696,9.84605,43.6051,3.83859e-26
-55.5,17.7844,37.0826,2.75033e-26
-15.8958,14.0079,34.7,0.0926511
-24.8278,18.3669,24.906,0.35512
-24.8982,18.4365,24.8358,0.0739469
-24.9358,18.458,24.8101,0.0231996
-25,18.4627,24.8096,0.048419
-32.0077,18.3068,27.6294,5.84748e-26
-37,18.1958,29.6383,2.89283e-26
-42.5,18.0735,31.8514,2.52659e-26
-14.8713,10.0888,43,0.0591577
-15.3404,11.8831,39.2,6.04257e-26
-18.0087,16.8752,34.7,0.15622
-19.2985,16.865,24.408,0.505216
-19.5733,16.7454,23.9771,0.481525
-19.6316,16.7052,23.919,0.063009
-19.6925,16.4571,23.6352,0.485375
-19.6399,16.3625,23.5821,0.800075
-15.409,14.7308,43,0.0283283
-16.5992,15.7126,39.2,6.27695e-26
12.6328,2.58784,93.8,2.09481e-25
14.4639,15.5126,43,0.031728
12.7229,3.2239,91.3,5.14991e-26
15.331,17.6348,34.7,0.0769304
17.2845,18.7171,24.4122,0.900725
17.3666,18.6185,24.0532,0.280883
17.3749,18.6164,24.0499,0.147404
14.8609,16.4842,39.2,6.01145e-26
1.9003,-17.4333,100.8,1.94069e-25
-0.134879,-0.282495,43.1,0.0370629
0.917528,-7.21439,41.2,9.89326e-26
0.889853,-7.41293,36.7,5.34771e-26
1.63576,-15.204,93.3,5.54484e-26
0.940283,-7.05116,44.9,2.67385e-26
0.790695,-7.94598,24.9018,0.075877
0.817512,-7.9788,24.8052,0.0635653
0.877403,-7.96041,24.8604,0.0582496
0.970597,-7.93573,24.8969,0.0781302
1.05608,-7.89593,24.9074,0.0505713
1.1377,-7.88884,24.9177,0.0607806
1.2345,-7.85907,24.9394,0.139094
1.31475,-7.90135,24.9811,0.0704935
1.3189,-7.89045,25,0.0140732
0.905228,-7.30263,39.2,5.34771e-26
0.813754,-1.89033,34.946,0.0690508
0.817933,-1.87028,35,0.0140201
0.879398,-7.48793,35,2.67385e-26
0.859103,-7.63352,31.7,8.02156e-26
0.966104,-3.77281,31.7534,1.66168e-27
14.7114,13.2868,43,0.0243881
-55.5,8.72702,37.5591,1.50982e-25
-6.32194,15.3757,29.8811,2.91568e-26
-29.5622,12.2337,33.5095,2.92362e-26
-28.4433,12.385,33.3348,1.58359e-25
18.2919,15.4267,34.7,0.108267
5.15262,16.927,28.0896,2.6662e-26
24.1144,20.1966,24.8701,0.24713
24.2383,20.199,24.7423,0.17339
24.3817,20.1693,24.6027,0.12188
24.5374,20.0383,24.4907,0.166287
24.5442,20.0248,24.5019,0.00683368
24.6556,19.824,24.6181,0.189706
24.7518,19.7261,24.7553,0.122446
24.8806,19.6443,24.9111,0.234812
24.9416,19.6024,25,0.0908342
4.0232,16.7743,28.2659,2.73966e-26
-5.22435,15.5241,29.7097,2.88062e-26
16.3507,14.2665,39.2,6.19271e-26
9.75968,2.1097,95.6361,1.60991e-25
-50,-41.9075,47.3434,2.73812e-25
-38.8148,-34.0713,38.7,1.01238e-25
-11.1767,-14.4639,43,0.0192945
-42.5,-36.6531,41.5477,1.76019e-26
-15.3571,-17.2005,34.7,0.0880794
-27.9357,-26.4496,30.2931,3.23675e-26
-20.8597,-21.1627,24.8348,0.146741
-20.9877,-21.3367,24.7555,0.25225
-21.0029,-21.5431,24.599,0.19952
-20.938,-21.6761,24.408,0.191
-20.9296,-21.5587,24.6892,0.200373
-21.0467,-21.6248,24.8842,0.169588
-21.0861,-21.6508,25,0.0919874
-28.7263,-27.0034,30.904,3.09247e-26
-13.0906,-15.7168,39.2,6.48816e-26
-42.05,-36.3379,41.2,1.01238e-25
-8.87944,5.79946,93.8,9.90837e-26
-37.9395,50,43.844,2.88507e-25
-27.0298,36.2023,38.7,2.21103e-25
-18.6425,25.909,35,4.37602e-26
-21.3036,28.9601,36,1.10551e-25
-18.6785,25.9336,34.9705,0.0216748
-18.7255,25.9519,34.9514,0.0118185
-18.7649,25.9568,34.9304,0.0211436
-18.8118,25.9634,34.9048,0.015004
-18.8486,25.9569,34.8943,0.0621151
-18.8933,25.9622,34.8891,0.00648689
-18.9411,25.9865,34.8934,0.0200781
-18.9682,26.0064,34.8988,0.0137471
-12.1592,19.3868,43.0418,0.011168
-12.1841,19.4074,43,0.0198233
-15.2518,22.4957,39.2,8.75205e-26
-32.0094,42.5,41.0479,2.04288e-25
10.317,2.93929,93.8,1.66207e-25
14.4898,12.7438,43,0.0239914
9.24183,11.0124,45.9,9.58755e-27
9.39049,11.3577,44.9,1.05251e-25
10.9068,14.88,34.7,8.53383e-26
13.1119,14.7155,34.7,0.10567
10.7136,14.4311,36,2.84461e-26
12.8911,18.1166,24.8776,0.0894951
12.8577,18.2382,24.8204,0.0977329
12.7939,18.362,24.8284,0.118756
12.6677,18.3599,24.7782,0.111474
12.5646,18.3242,24.8423,0.0754769
12.4446,18.3153,24.8945,0.0831197
12.3698,18.2442,24.9721,0.285036
12.3488,18.2296,25,0.0234352
13.8589,13.6465,39.2,5.64641e-26
9.94053,12.6354,41.2,5.68922e-26
5.37618,50,40.9533,1.36671e-25
1.90734,46.6216,39,1.54415e-25
-14.4364,30.7041,29.797,3.47773e-26
-14.9901,19.4484,34.8904,0.0472415
-15.038,19.4755,34.7808,0.035716
-15.084,19.4974,34.7,0.0393143
-23.0411,22.3056,24.9701,0.0310415
-23.0091,22.3289,24.9709,0.0306115
-22.9906,22.3527,24.9761,0.0195653
-22.976,22.3802,24.9902,0.0142568
-22.9561,22.4066,24.9996,0.0202929
-22.9555,22.4071,25,0.00143517
-13.7742,31.349,30.1699,2.74982e-26
-14.2985,16.5059,43,0.0359622
-14.6115,17.8802,39.2,5.74082e-26
3.32957,12.832,93.8,2.02669e-25
-2.53952,-1.53423,43,0.42881
3.21292,12.5465,92.7903,1.47563e-26
-2.93062,-5.63019,24.8053,0.143978
-3.04835,-5.57823,24.6738,0.117553
-3.0483,-5.57288,24.6639,0.00353492
-2.99392,-5.6367,24.5087,0.151187
-2.98859,-5.70439,24.5047,0.542006
-2.71831,-3.43777,34.9437,0.0124355
-2.71706,-3.42448,35,2.82235e-26
-2.76784,-4.13912,31.7,8.42746e-26
1.70293,11.0542,93.8,2.06949e-25
15.5517,18.093,43,0.0237951
18.1952,19.6877,34.7,0.0903761
21.0324,21.3393,24.7894,0.15614
21.0318,21.3398,24.7896,0.0331469
16.7619,18.8231,39.2,6.03053e-26
50,-25.0731,46.876,2.72157e-25
41.2358,-21.3921,38.7,8.33529e-26
18.0195,-13.8355,43,0.0302972
23.6226,-14.1385,24.6718,0.237989
23.6321,-14.1607,24.3514,0.224719
23.7355,-14.2234,24.0703,0.250757
24.1095,-14.4674,23.6803,0.481742
24.6591,-14.403,23.4806,0.415963
24.926,-14.5051,23.4916,0.198441
25,-14.5729,23.5537,0.15726
32.0196,-17.5212,30.1023,3.94919e-26
19.3037,-14.2881,39.2,5.99842e-26
42.5,-21.9231,39.8793,2.83114e-26
30.9695,-17.0802,29.1227,3.99735e-26
20.8245,-14.8242,34.7,0.0868442
26.1218,50,42.2282,1.67486e-25
15.1291,17.6232,43,0.0433069
24.23,42.5,37.8123,5.95505e-26
24.7388,44.5173,39,4.78305e-26
16.6162,18.8125,34.8429,0.123892
16.6538,18.8501,34.7,0.0455797
21.2569,30.7131,30.8722,3.01158e-26
18.8004,21.1025,24.9086,0.0814352
18.7561,21.1079,24.8145,0.0777459
18.7194,21.1007,24.7179,0.0805917
18.6899,20.9886,24.6474,0.0905413
18.6888,20.8132,24.6814,0.147108
18.7832,20.724,24.8112,0.128345
18.7463,20.7209,24.9137,0.110442
18.7413,20.7399,25,0.0700038
21.4724,31.5673,31.3751,2.69288e-26
15.8239,18.1707,39.2,5.63109e-26
-9.66628,2.41761,100.285,1.65185e-26
15.5246,-15.8211,43,0.0280486
22.9963,-22.3627,24.8589,0.129624
23.2654,-22.5265,24.7555,0.537886
23.5308,-22.5955,24.6182,0.217977
23.7703,-22.751,24.6622,0.221093
23.9303,-22.942,24.7168,0.202627
24.1047,-22.9631,24.5123,0.209893
24.285,-23.0113,24.3465,0.180296
24.6224,-22.9865,24.2224,0.260824
24.8235,-22.8582,24.3826,0.221722
24.8349,-22.8016,24.4788,0.0868161
24.835,-22.8014,24.4795,0.0299784
17.089,-17.116,39.2,6.39028e-26
18.9415,-18.6495,34.7,0.116242
26.9983,-50,43.2012,2.05204e-25
23.4315,-42.5,37.9999,6.50418e-26
24.1173,-43.9421,39,3.26903e-26
11.8736,-13.909,43,0.0924578
14.3273,-23.458,24.9262,0.0609126
14.3635,-23.5367,24.8668,0.0860178
14.3811,-23.6268,24.8702,0.0898375
14.4383,-23.6943,24.8994,0.0577947
14.4941,-23.7378,24.9638,0.0713934
14.517,-23.7546,25,0.023216
18.4408,-32.0056,30.7221,3.32028e-26
13.2487,-15.4673,39.2,6.09343e-26
17.9858,-31.0488,30.0585,3.66673e-26
14.8772,-17.3127,34.7,0.111101
-1.73884,13.5833,93.8,2.00811e-25
-50,18.2476,16.5992,2.04247e-25
-2.69057,13.6403,91.3,5.73745e-26
-24.4322,14.7998,35,2.90462e-26
-30.774,15.6438,30.2776,3.48824e-26
-28.7747,15.3731,31.7,1.39234e-25
-24.558,14.802,34.7,0.0908992
-31.8446,15.7888,29.5159,3.48991e-26
-36.0837,16.3629,26.5,4.64115e-26
-21.0781,14.7404,43,0.0356281
-22.6713,14.7686,39.2,5.80923e-26
8.0194,5.94667,93.8,3.41669e-27
11.688,14.0867,43,0.0322391
11.7084,16.11,34.7,0.0779195
11.6258,19.9973,24.9153,0.101572
11.6831,20.0621,24.862,0.0724607
11.6599,20.0573,24.7602,0.0808671
11.5506,20.0544,24.6609,0.137077
11.4595,19.9925,24.6024,0.075464
11.4589,20.0411,24.5713,0.485416
11.6973,15.013,39.2,5.51682e-26
-15.4298,0.240443,100.8,2.35851e-25
17.1748,-12.8811,43,0.0235232
16.7489,-17.4965,43.0454,0.0206253
16.7164,-17.4782,43.0839,0.0139087
16.701,-17.4733,43.1,0.00954219
24.6377,-16.6901,24.8793,0.0876981
24.5685,-16.7935,24.8233,0.0871372
24.5688,-16.9199,24.7743,0.0977425
24.6971,-17.0037,24.8102,0.111103
24.7402,-17.0696,24.829,0.0438522
24.8548,-17.1569,24.8179,0.204426
24.9595,-17.2174,24.8134,0.0832731
25,-17.3111,24.8282,0.0993102
24.9874,-17.3581,24.859,0.119506
24.968,-17.4104,24.8978,0.142837
24.9623,-17.4156,24.9065,0.00747878
24.9152,-17.4238,24.9372,0.0468209
24.886,-17.4567,24.9915,0.0605221
24.8843,-17.4583,25,0.00557299
18.6323,-13.7054,39.2,5.94614e-26
17.8755,-17.6572,41.2,6.59743e-26
20.3582,-14.6816,34.7,0.0884309
21.6942,-18.1399,34.7696,0.0187495
21.6922,-18.154,34.8452,0.0213376
21.6675,-18.1639,34.932,0.0272655
21.6414,-18.1659,34.9912,0.0184291
21.6367,-18.166,35,0.00183158
29.486,-17.8593,34.7,2.14779e-25
39.1624,-50,44.1655,2.02284e-25
15.1687,13.4732,43,0.0244943
33.5751,-31.4416,38.7,1.96249e-25
35.5245,-37.9164,40.6068,1.33453e-25
36.9044,-42.5,41.9567,7.42523e-26
17.5841,15.5529,34.7,0.0815699
22.3687,5.78111,27.7379,2.33414e-26
19.3975,16.015,24.856,0.112814
19.2769,15.9792,24.7267,0.109855
19.2235,15.8684,24.6141,0.116588
19.4012,15.7678,24.5547,0.222587
19.5969,15.6224,24.7238,0.221786
19.6931,15.5227,24.8244,0.122955
19.7057,15.4246,24.9486,0.107265
19.6629,15.3177,25,0.115984
19.6182,15.2493,24.9915,0.034485
19.5688,15.1895,25,0.059555
19.5545,15.1009,24.9951,0.0612367
19.5698,15.0778,25,0.0177746
22.1255,6.58883,27.5,6.64356e-27
26.5897,-8.23904,31.8668,4.83145e-26
16.2745,14.4253,39.2,5.85791e-26
34.1341,-33.2983,39.2468,4.59138e-27
36.1309,-39.9305,41.2,5.82046e-26
27.2124,-10.3075,32.476,5.97729e-26
30.5498,-21.3929,35.7406,7.26747e-26
-3.6664,10.1652,93.8,2.08476e-25
21.4607,16.1976,43,0.035887
24.0546,16.634,34.7542,0.110235
24.0523,16.6136,34.7,0.00960544
22.6504,13.2936,24.9466,0.0300224
22.6388,13.31,24.8881,0.0428296
22.6488,13.3043,24.8399,0.0237833
22.6632,13.3142,24.8013,0.0629813
22.6658,13.3159,24.7831,0.229124
22.6689,16.4208,39.2,5.57978e-26
50,-44.8984,37.4919,2.03593e-25
-17.4945,-15.9045,43,0.0259658
-21.2383,-17.4429,34.7,0.110207
-7.30866,-25.1538,27.6406,2.37921e-26
-22.8837,-19.7485,24.8244,0.133899
-22.7786,-19.8082,24.9139,0.148272
-22.6701,-19.8613,25,0.0976337
-8.12669,-24.8719,27.5,5.21999e-27
-6.16526,-25.5477,27.8372,2.89222e-26
-19.2085,-16.6088,39.2,6.09969e-26
5.14291,-29.4437,29.781,8.11504e-27
-20.3384,5.36764,29.4617,3.27863e-26
-19.1425,8.84284,31.7,8.19743e-26
-17.4477,13.504,34.9968,0.000485846
-17.5395,13.5006,34.7,0.0994136
-22.7285,-1.6076,24.9542,0.0380988
-22.75,-1.65661,24.9012,0.0804658
-22.7773,-1.71865,24.8543,0.0530991
-22.7847,-1.79788,24.8125,0.0476774
-22.7824,-1.88311,24.7595,0.0792565
-22.7705,-2.00394,24.6746,0.111218
-22.8234,-2.06726,24.5531,0.107523
-22.9561,-1.97897,24.4785,0.190433
-23.1186,-2.02252,24.279,0.20225
-23.2613,-2.06863,24.2372,0.953094
-21.1577,15.3095,22.0284,0.789243
-21.1409,15.3179,22.0297,0.232196
-20.7255,4.24294,28.7373,3.20957e-26
-21.9209,0.769382,26.5,5.11029e-26
-15.1602,12.7778,43,0.0472053
-16.2463,13.1226,39.2,5.99498e-26
-44.6403,-13.431,38.7,1.10057e-25
-16.049,-13.2396,43.0371,0.0259406
-16.058,-13.2528,43,0.0159487
-17.9146,-17.1058,34.956,0.0265128
-17.9349,-17.138,34.9149,0.0141591
-17.9717,-17.1724,34.8712,0.0189578
-17.9792,-17.1097,34.8306,0.0231206
-18.0017,-17.0776,34.7602,0.0162876
-18.0357,-17.0713,34.7074,0.0227887
-18.0402,-17.0716,34.7,0.00451916
-31.1234,-18.2035,29.5463,3.78281e-26
-24.3625,-20.594,24.988,0.0160526
-24.3773,-20.5982,24.9752,0.0121274
-24.3927,-20.5844,24.9875,0.0207815
-24.4055,-20.5756,24.9959,0.0161545
-24.4102,-20.5738,25,0.00708562
-32.0057,-17.892,30.1437,3.28763e-26
-16.9342,-15.0679,39.2,6.32709e-26
-48.3319,-12.1276,41.2,1.10057e-25
-11.9812,-18.7018,43,0.0287154
-12.8595,-22.2609,34.7,0.0761763
-11.8894,-22.7389,31.7,7.87581e-26
-9.67666,-23.8405,24.9214,0.0605386
-9.62771,-23.8742,24.8571,0.0584621
-9.59509,-23.9176,24.7895,0.0759356
-9.50851,-24.0057,24.7214,0.107115
-9.48434,-24.1355,24.6797,0.153695
-9.48208,-24.2109,24.634,0.0555438
-9.47799,-24.2222,24.6325,0.174963
-12.3833,-20.3313,39.2,5.83334e-26
14.4361,15.6223,43,0.0839438
16.8201,18.135,34.7,0.0883834
17.9816,23.3912,24.8615,0.111301
17.8524,23.3062,24.8431,0.119555
17.7027,23.3171,24.9247,0.139311
17.6296,23.4249,24.8318,0.166779
17.5993,23.5046,24.6871,0.182968
17.7335,23.4427,24.6388,0.215053
17.7538,23.4267,24.6676,0.271356
17.7522,23.4273,24.6683,0.0539681
17.474,23.6017,24.9597,0.0018646
17.4741,23.6029,24.9602,0.0442756
15.5276,16.7727,39.2,5.97799e-26
13.9361,0.7745,93.8,1.98689e-25
18.9837,50,43.6434,2.13336e-25
16.5821,16.9825,43,0.0318945
15.692,42.5,38.0132,6.16623e-26
16.2689,43.8145,39,2.87092e-26
14.0664,1.57214,91.3,5.67684e-26
14.0961,19.488,34.7,0.129303
8.07717,24.4759,24.9132,0.193469
8.01338,24.5394,24.828,0.0869835
7.99909,24.6327,24.7717,0.0701554
7.96997,24.7424,24.7505,0.0854471
7.97926,24.8582,24.8134,0.176505
8.0037,24.9624,24.8655,0.0717365
8.01137,25,24.8761,0.0309266
9.97549,29.4752,28.2356,8.14927e-26
15.444,18.1296,39.2,5.86593e-26
-7.37145,50,45.9864,2.33373e-25
-9.92098,38.8405,38.7,1.02121e-25
-11.9988,29.7459,32.7618,3.26976e-26
-12.2341,28.7156,32.0891,1.98701e-26
-13.3273,16.0893,34.7,0.0967843
-14.8174,17.3606,24.8047,0.151708
-14.893,17.4481,24.5992,0.19643
-14.7984,17.6443,24.7546,0.195533
-14.7536,17.7858,24.9159,0.162727
-14.7147,17.8582,25,0.0737819
-11.4154,14.2747,43,0.0366046
-12.2907,15.1055,39.2,5.8502e-26
-9.08492,42.5,41.0894,9.64738e-26
50,-34.7042,37.7409,2.25301e-25
12.2196,-13.392,43,0.019793
15.7234,-16.6864,24.8171,0.164095
15.9308,-16.7608,24.7363,0.16351
16.1054,-16.8813,24.6789,0.169378
16.2648,-17.0341,24.7173,0.136556
16.3626,-17.1681,24.8147,0.16395
16.5133,-17.2752,24.9331,0.164029
16.6602,-17.3702,25,0.121424
30.4314,-24.5301,30.2627,2.933e-26
36.2859,-27.574,32.5,7.3717e-26
13.0023,-13.7677,39.2,5.67871e-26
29.5202,-24.0563,29.9145,2.81258e-26
13.9293,-14.2126,34.7,0.0845046
27.5403,-23.9377,8.41855,0.00237904
12.1399,-18.6785,43,0.0402839
15.4584,-22.3868,24.8253,0.110319
15.6842,-22.616,24.4956,0.32594
15.8636,-22.7686,24.3418,0.238791
15.9635,-22.7823,24.3113,0.293779
16.0042,-22.7996,24.278,0.0770026
16.0257,-22.797,24.2649,0.0211935
16.0649,-22.8036,24.2832,0.403096
16.9014,-23.4632,24.4058,0.00836409
16.1322,-22.7996,24.2152,0.010331
16.1325,-22.7998,24.2143,0.0358899
16.0977,-22.8816,24.1563,0.050303
16.0974,-22.8854,24.1536,0.096751
15.5353,-22.4748,24.5973,0.010331
15.535,-22.4741,24.597,0.034875
32.1888,-40.0297,58.6282,0.0302002
13.2769,-19.5632,39.2,6.10679e-26
14.6233,-20.611,34.7,0.168771
-9.96208,-0.384967,98.4298,6.77743e-26
-1.74889,-1.16814,43,0.019354
0.641436,-2.58402,24.9363,0.0475136
0.713559,-2.55787,24.5718,0.289295
0.644715,-2.53241,24.2889,0.651554
0.644578,-2.53226,24.2887,0.0172615
0.792303,-2.81441,23.9128,0.050303
0.792054,-2.82114,23.9083,0.136595
-0.332436,-1.56201,34.7,0.0774527
-0.865086,12.2157,93.8,1.99518e-25
-40.4757,50,42.7261,1.93988e-25
-36.0191,42.5,37.7332,5.52755e-26
-37.1498,44.4028,39,4.99614e-26
-31.9406,32.5891,13.7941,0.034283
-27.0983,27.487,27.7388,1.27746e-26
-20.6394,21.8373,34.7,0.14045
-24.2431,23.1449,24.9026,0.10407
-24.3086,23.1985,24.8307,0.0901026
-24.3186,23.2057,24.8195,0.00668812
-24.3798,23.253,24.7738,0.0638948
-24.4849,23.2895,24.837,0.0948015
-24.5714,23.3166,24.9201,0.103243
-24.65,23.3676,24.9963,0.118231
-24.6537,23.3729,25,0.00563743
-26.8851,27.1283,27.5,2.0167e-26
-27.5626,28.2683,28.259,2.78277e-26
-29.7848,32.0081,30.7486,3.15932e-26
-31.348,34.639,32.5,5.34974e-26
-15.6688,20.6895,43,0.0223683
-17.9445,21.215,39.2,6.34025e-26
5.88773,-13.3359,93.8,2.11282e-25
5.04914,-13.4921,91.3,6.03662e-26
-11.1296,-16.5126,43.059,0.0146524
-11.147,-16.5189,43.0012,0.0132524
-11.1477,-16.5187,43,0.000256963
-15.8171,-15.0911,34.9676,0.00905347
-15.8459,-15.0651,34.9435,0.0112306
-15.8757,-15.0293,34.9142,0.0226037
-15.9011,-14.9984,34.868,0.0170639
-15.9411,-14.9614,34.8052,0.0226909
-15.992,-14.9314,34.7745,0.0204348
-16.022,-14.9046,34.7494,0.0126043
-16.0628,-14.8899,34.7187,0.0174997
-16.102,-14.8857,34.7,0.0135051
-30.8068,-15.0929,31.8173,3.25123e-26
-29.7136,-15.0775,32.0316,1.68546e-25
-31.7245,-15.1058,31.6374,2.86415e-26
-37,-15.1801,30.6032,3.12106e-26
-13.3554,-15.8466,39.2,6.73944e-26
-9.57486,-2.71897,96.8051,1.09628e-25
-2.41308,1.79134,43,0.0333206
0.993966,0.798039,24.8718,0.0821391
1.03263,0.854986,24.7535,0.126372
1.03312,0.855587,24.7528,6.85409e-05
1.13339,0.866218,24.7219,0.0852567
1.20573,0.832069,24.6083,0.139411
1.14333,0.834915,24.5736,0.394435
1.14369,0.835977,24.5728,0.0461712
1.72964,0.936688,23.4464,0.0072427
1.72936,0.935964,23.4405,0.1126
-1.22007,1.51709,34.7,0.104598
-1.67368,-9.83516,99.3227,4.60335e-26
-19.9224,42.5,37.7316,2.01616e-25
-18.4206,50,38.8754,2.08662e-25
-23.4506,23.0194,35,1.7907e-26
-22.3254,30.5,35.9014,1.76172e-25
-23.4763,23.094,34.9421,0.0689556
-23.4949,23.172,34.8979,0.0464551
-23.4933,23.2545,34.8675,0.043547
-23.5067,23.3541,34.8413,0.0539636
-23.5477,23.4324,34.801,0.0178684
-23.5985,23.4888,34.776,0.0189069
-23.6661,23.5474,34.8007,0.0260522
-23.7062,23.6044,34.8497,0.0364051
-20.2755,16.166,43.0236,0.0357472
-20.2882,16.1887,43,0.00895891
-21.7903,19.4333,39.2,7.47421e-26
-2.30421,-13.6268,93.8,2.08482e-25
-1.65737,-13.6315,91.3,5.95663e-26
10.8397,-13.7228,43,0.0250696
16.4778,-15.4784,24.5482,0.345694
16.8947,-15.3792,24.1726,0.409962
17.1626,-15.2084,23.7805,0.4341
17.1754,-15.2139,23.7556,0.020824
17.3404,-15.2124,23.5152,1.47013
11.7552,-13.6324,39.2,5.93131e-26
12.7672,-13.5324,35,2.96565e-26
12.8394,-13.5252,34.7,0.104393
-11.1157,-8.25125,93.8,2.20401e-25
-11.4986,-7.27989,91.3,6.29717e-26
-19.9814,14.5175,34.7,0.10537
-20.8717,18.5352,24.5003,0.528368
-21.0322,19.117,24.2177,0.949897
-21.5645,19.3163,24.3747,0.514607
-22.1827,19.3797,24.6924,0.624695
-22.1991,19.3847,24.8727,0.295688
-22.2021,19.3802,24.8864,0.198532
-21.0753,19.0021,23.5997,0.050303
-21.0763,19.0025,23.5993,0.0420779
-20.5518,18.7517,24.0992,0.0155101
-18.8954,11.4868,43,0.0370951
-19.3926,12.8744,39.2,6.22966e-26
23.14,-28.7978,33.0469,9.22742e-26
9.81829,-1.84498,99.9591,2.33816e-26
39.7582,-50,44.67,2.62901e-25
2.60197,-1.32813,43,0.0317817
31.2226,-39.1099,38.7,1.3702e-25
11.3369,-13.6676,24.9402,0.127539
11.4252,-13.7906,24.9461,0.101721
11.4633,-13.884,25,0.0875385
11.5202,-14.0177,24.9969,0.137553
11.6323,-14.1158,24.9981,0.195549
11.635,-14.1191,25,0.00586535
6.78523,-8.25129,29.4652,3.33439e-26
7.99353,-9.68842,28.2486,3.30276e-26
33.8797,-42.5,40.5584,9.30673e-26
8.64795,-10.4668,27.5898,3.33237e-26
23.8,-29.6397,33.5084,3.0123e-26
1.58591,-2.06737,34.7,0.122958
6.09051,-7.42501,30.1647,3.33591e-26
4.56557,-5.6113,31.7,1.09712e-25
-11.0968,-8.49794,93.8,2.03708e-25
-11.1788,-8.6447,91.3,5.82024e-26
-12.7634,-11.48,43,0.0360159
-12.5665,-12.865,34.7,0.0923099
-12.5736,-12.815,35,2.94317e-26
-12.0915,-13.3179,31.7,8.90211e-26
-10.8202,-14.3603,24.5026,0.367437
-10.8788,-14.6716,24.1186,0.433
-10.8647,-14.7006,23.9922,0.844575
-12.6732,-12.1141,39.2,5.88635e-26
9.28678,-13.8801,31.7,9.38721e-26
12.4825,2.50824,93.8,1.94198e-25
-50,-38.2059,43.2081,2.13635e-25
-36.4013,-31.9962,38.7,1.84122e-25
12.2045,-12.8302,43,0.025033
-6.08557,-18.1529,28.65,3.104e-26
-26.7817,-27.6035,35.511,4.70421e-26
-24.3354,-26.4865,34.7,1.31479e-25
5.13014,-13.1315,24.9564,0.0416291
5.06016,-13.1389,24.9641,0.0573563
5.00111,-13.1248,24.9776,0.0364372
4.93468,-13.1223,24.9889,0.0659918
4.92444,-13.1253,25,0.00804708
6.09125,-13.3139,26.5,3.12907e-26
-2.61675,-16.5689,27.5,9.20609e-26
-4.9826,-17.6492,28.2843,2.95748e-26
11.7421,-13.4524,39.2,5.42016e-26
-42.5,-34.7811,40.7218,1.40098e-25
11.231,-14.1402,35,2.71008e-26
6.70577,-13.4228,27.5,7.70104e-27
11.1699,-14.2044,34.7441,0.0860679
11.1304,-14.2068,34.7,0.017351
-14.2635,3.18366,93.8,2.04661e-25
17.7555,-3.83752,100.8,2.18874e-25
-14.4414,2.49535,91.3,5.84746e-26
13.719,-5.51081,93.3,6.25355e-26
-17.8785,-10.8028,43,0.0208935
-13.2988,-16.7107,43.1,0.0290884
-18.9973,-13.68,34.7,0.122644
-17.9982,-17.4114,34.7815,0.0729101
-17.9015,-17.3954,35,0.0606336
-17.9902,-17.412,34.8017,0.0018285
-17.99,-17.4121,34.8018,0.00686126
-21.923,-18.1671,24.7127,0.248052
-21.9713,-18.3727,24.5905,0.434235
-21.9838,-18.6077,24.4961,0.170905
-21.8447,-18.8724,24.4187,0.212186
-21.6801,-19.1077,24.6123,0.24875
-21.5461,-19.2162,24.8737,0.313744
-21.4619,-19.2371,25,0.104365
-21.9687,-18.6702,24.4531,0.050303
-21.9687,-18.6703,24.4531,0.00754526
-18.3907,-12.1201,39.2,5.99878e-26
-14.3785,-16.8713,41.2,6.2352e-26
-8.867,9.95735,93.8,2.13487e-25
-2.12171,50,42.1908,1.95577e-25
14.9675,16.6626,43,0.0364088
4.12413,42.5,37.6271,5.86659e-26
2.24524,44.7562,39,6.76181e-26
-8.01613,10.1967,91.9865,4.00601e-26
18.0208,17.5814,34.7,0.108034
14.123,30.4933,30.3212,3.17198e-26
21.4328,21.0856,24.9887,0.00778047
21.4707,21.1674,24.8717,0.104676
21.5036,21.3263,24.8117,0.136797
21.5399,21.469,24.8971,0.0991389
21.4631,21.6248,24.9299,0.141717
21.4123,21.738,24.9908,0.0943776
21.4055,21.7485,25,0.0183043
22.0401,21.2967,24.695,0.0451219
13.4705,31.2768,30.7979,3.01681e-26
16.3654,17.0832,39.2,5.86944e-26
-8.76408,-9.50229,93.8,1.98108e-25
-9.00097,-9.98609,91.3,5.66023e-26
-13.5776,-19.3331,43,0.0251305
-14.8774,-17.0759,43.1,0.0436288
-14.2287,-20.3006,34.7,0.0694267
-15.9709,-21.2757,35,0.319774
-15.7962,-22.9479,24.7968,0.175305
-15.8131,-22.8545,24.5746,0.190887
-15.8673,-22.6726,24.7336,0.18696
-15.8985,-22.61,24.9304,0.160208
-15.8979,-22.5999,25,0.0431041
-13.8757,-19.7761,39.2,5.58492e-26
-15.1339,-18.0611,41.2,6.13258e-26
-3.66462,-9.288,98.9566,5.05231e-26
4.76656,-50,42.315,1.9637e-25
1.5198,-1.77895,43,0.0552968
4.96808,-39.4055,38.7,1.64429e-25
5.21945,-26.1905,34.1909,9.46472e-26
5.24185,1.11331,24.9112,0.0611535
5.30713,1.16208,24.8346,0.0771317
5.37081,1.23166,24.7691,0.12823
5.46595,1.29296,24.7009,0.0887199
5.60932,1.29659,24.7008,0.0854973
5.7599,1.24306,24.7649,0.135201
5.78958,1.11571,24.8414,0.119528
5.80242,1.00913,24.8556,0.0766543
5.77983,0.887409,24.9124,0.0917048
5.74272,0.799011,24.9681,0.0834181
5.7318,0.745193,25,0.12546
5.59244,-6.58158,27.5,4.91454e-27
5.54451,-9.10106,28.3597,3.3296e-26
5.44098,-14.544,30.2169,8.12922e-26
4.90922,-42.5,39.7559,4.57021e-26
5.28363,-22.8166,33.0396,2.29128e-25
5.17419,-28.5698,35.0027,6.67163e-26
3.76588,-0.65303,34.7,0.105283
5.56926,-7.8,27.9157,3.41804e-26
4.21263,-0.108043,31.7,5.31812e-26
-29.1704,42.5,37.5105,1.52643e-25
-31.788,50,38.662,2.02416e-25
-22.3658,23.9103,35,1.4751e-26
-24.6124,29.4404,35.5053,9.51723e-26
-22.4589,23.9621,34.8829,0.0338601
-22.562,24.0549,34.8401,0.0527143
-22.6793,24.1223,34.7893,0.0484162
-22.7915,24.2338,34.7565,0.0521552
-22.843,24.374,34.7278,0.0400564
-22.8462,24.3801,34.7284,0.00218812
-18.2668,19.8443,43,0.0330897
-20.2138,21.7757,39.2,6.58113e-26
12.2688,4.6293,93.8,1.97121e-25
18.6123,12.5631,43,0.0235167
12.581,5.01975,91.3,5.63203e-26
18.4591,13.8554,34.7,0.167551
17.6101,14.9579,24.792,0.156062
17.6135,15.0569,24.6086,0.143517
17.6625,15.0681,24.4197,0.149497
17.6625,14.8915,24.1941,0.546869
17.8716,14.6634,23.9214,0.295352
17.8788,14.7008,23.8381,0.0707882
17.8808,14.7128,23.8135,0.296153
18.5422,13.1548,39.2,5.58766e-26
-1.49616,-10.911,93.8,1.36495e-25
-22.0268,50,32.6137,1.98347e-25
-11.6638,-21.0003,43.0005,0.027373
-11.6643,-21.0003,43,0.000208125
-20.7311,6.47459,33.8978,2.8613e-26
-21.4532,30.7336,33.1821,2.91827e-26
-19.5696,-21.1547,34.9453,0.0266636
-19.6557,-21.1149,34.9224,0.0346353
-19.7394,-21.0695,34.8954,0.0389992
-19.7971,-20.991,34.8761,0.044292
-19.8314,-20.9192,34.8493,0.0229111
-19.8573,-20.8546,34.7946,0.0211324
-19.8917,-20.7784,34.7203,0.0467214
-19.9217,-20.7148,34.7,0.0188917
-20.8944,11.9603,33.736,1.54006e-25
-21.421,29.6521,33.214,1.5358e-25
-20.3878,-5.05587,34.238,2.90589e-26
-20.3556,-6.13745,34.2699,1.47484e-25
-15.3817,-21.0716,39.2,7.60291e-26
9.67408,-2.39191,96.2401,1.49846e-25
-50,-22.9631,38.6244,2.3002e-25
-13.235,-16.9881,43,0.0339507
-17.4211,-18.8898,34.7,0.0816022
-30.6503,-21.2911,27.631,7.57887e-27
-23.6035,-20.0782,24.4929,0.554799
-24.2479,-20.4402,24.2619,0.69175
-24.8904,-20.806,24.3315,0.573123
-25,-20.8028,24.4209,0.104168
-30.4197,-21.2711,27.5,2.733e-26
-31.6152,-21.3744,28.1792,3.17062e-26
-37,-21.8397,31.2386,3.286e-26
-39.2203,-22.0316,32.5,5.78377e-26
-15.1515,-17.8588,39.2,6.69001e-26
-5.13735,-9.06151,93.8,8.06538e-26
-18.6402,-10.96,43,0.0413574
-21.2462,-10.7719,34.7,0.170414
-21.152,-10.7787,35,2.79907e-26
-28.0279,-9.44319,32.7547,3.29285e-26
-26.7857,-9.68656,33.111,1.56173e-25
-28.9482,-9.2629,32.4907,9.12843e-28
-37,-7.68541,30.1811,2.81922e-26
-19.8333,-10.8739,39.2,5.59813e-26
6.87766,-7.22979,99.2013,5.08012e-26
12.9963,15.6035,43,0.0238595
13.5479,18.9777,34.7,0.106164
13.5965,23.2298,24.4319,0.424098
13.57,23.4946,23.8506,0.48983
13.255,24.0412,23.7622,0.582526
13.0469,24.0839,24.3537,0.656853
13.0086,24.1538,24.4361,0.772743
13.2488,17.1483,39.2,6.33413e-26
15.1667,13.0407,43,0.171347
16.7872,11.9822,43.1,0.0353547
17.6082,13.9662,34.7,0.0973488
18.5226,14.065,35,0.0798138
20.1413,15.897,24.5179,0.389775
20.065,15.6501,24.9573,0.365301
20.0529,15.6408,25,0.0327682
16.2845,13.4644,39.2,6.01224e-26
17.1943,12.4708,41.2,5.95994e-26
-1.95823,-10.7802,93.8,2.12216e-25
17.864,-12.6016,43,0.0280752
20.3023,-13.0325,24.7053,0.217509
20.1835,-12.8198,24.5253,0.229692
20.1327,-12.5289,24.5041,0.224193
20.0625,-12.2067,24.56,0.317582
20.0422,-12.015,24.5673,0.146936
20.0421,-12.0146,24.5675,0.0220495
19.0967,-12.5336,39.2,5.93315e-26
20.5566,-12.453,34.7,0.101228
-31.948,50,42.5321,2.19103e-25
-29.3292,42.3068,38.7,1.27679e-25
-24.8846,29.2498,32.1961,3.02684e-26
-15.3363,14.2593,34.7,0.0806658
-19.2295,14.2766,24.7449,0.223361
-19.3105,14.2893,24.5277,0.15473
-19.5373,14.3712,24.3774,0.187363
-19.7968,14.5258,24.6515,0.260544
-19.859,14.6543,24.799,0.175186
-19.9646,14.7974,24.9968,0.197228
-19.9669,14.8031,25,0.00469231
-25.0923,29.8598,32.5,1.93983e-26
-13.5943,13.7414,43,0.0209233
-14.3918,13.9785,39.2,5.71411e-26
-9.39473,-5.17628,93.8,8.89279e-26
-18.4605,-15.3577,43,0.0267489
-20.2472,-16.0167,34.7,0.224447
-21.4128,-15.7806,24.7325,0.197851
-21.3365,-15.7628,24.5005,0.160705
-21.3302,-15.893,24.2731,0.245192
-21.0656,-16.058,24.2597,0.279901
-20.8455,-16.2754,24.0605,0.508593
-20.7728,-16.3254,24.0487,0.650502
-19.2785,-15.6594,39.2,5.73496e-26
28.1408,-24.3252,34.549,1.36616e-25
50,-36.9047,33.9477,2.16629e-25
19.2542,-16.5058,43,0.0274143
20.7361,-18.5838,39.2,6.42573e-26
29.0679,-24.8588,34.5235,2.73541e-26
22.4349,-20.9652,34.8958,0.0422994
22.5317,-21.0529,34.8107,0.0337203
22.6106,-21.1329,34.7333,0.0357793
22.6504,-21.1656,34.7,0.0172041
8.7741,9.6957,93.8,2.11092e-25
-10.8356,-6.8269,100.8,2.02377e-25
8.50108,9.81373,93.1195,5.44335e-27
-15.2894,17.0765,34.7,0.090233
-22.4483,15.3224,35,0.109094
-21.8669,15.4475,24.822,0.170178
-21.8717,15.4349,24.6435,0.149696
-21.9034,15.3416,24.4767,0.128928
-22.2053,15.2189,24.4407,0.237996
-22.4206,15.0449,24.3896,0.172704
-22.6858,14.932,24.5745,0.228729
-22.6727,14.8647,24.8009,0.179551
-22.7702,14.8423,24.927,0.09524
-22.937,14.8677,24.994,0.188701
-22.9369,14.8675,25,0.00387632
-11.6065,18.5068,43,0.0262205
-20.4474,15.283,43.1,0.0247301
-13.2927,17.852,39.2,6.11748e-26
-20.9167,15.2922,41.2,5.49776e-26
-15.544,-12.6371,43,0.0310254
-19.8446,-14.1353,34.7,0.111905
-24.8288,-16.9056,24.9382,0.0676599
-24.8896,-16.9408,24.9098,0.0539225
-24.9547,-16.9716,24.9207,0.0489661
-25,-16.9906,24.927,0.0298492
-17.513,-13.323,39.2,6.0682e-26
-10.2044,-10.438,93.8,2.13638e-25
-2.11416,2.60844,43,0.0256507
-1.67098,2.96829,43.0279,0.011021
-1.68019,2.96657,43.0536,0.0375887
-1.68535,2.9654,43.0841,0.00877078
-1.6855,2.9655,43.1,0.00375664
-9.80624,-9.79591,91.3,6.10395e-26
1.64142,5.12658,24.4553,0.371925
1.74342,4.80825,24.0424,0.380296
2.1326,4.61229,24.4435,0.692844
2.43448,4.8468,24.8064,0.535294
2.12631,4.69008,24.892,0.320834
2.22708,4.56529,25,0.486588
2.22265,4.55236,24.9811,0.0202829
2.21776,4.5405,24.9649,0.0124949
2.19621,4.53045,24.9559,0.0160939
2.17446,4.53124,24.9469,0.0187519
2.14551,4.53547,24.9447,0.0129215
2.13453,4.54321,24.9762,0.0245773
2.12949,4.55054,24.9972,0.0182342
2.12962,4.55041,25,0.00212618
-0.163111,4.31524,34.7,0.10087
-0.232578,4.12515,34.7311,0.0101135
-0.247665,4.1217,34.7678,0.0095355
-0.270543,4.12859,34.8038,0.0132739
-0.313584,4.16154,34.8424,0.0204841
-0.355432,4.18356,34.9045,0.028412
-0.380429,4.1689,34.9494,0.0149484
-0.392998,4.16816,34.9813,0.0129192
-0.402983,4.16732,35,0.00447014
-0.23363,4.25355,35,3.05973e-26
-0.55031,4.02755,35.9315,3.11313e-26
0.374092,4.59169,31.7,8.92688e-26
-0.224612,4.13247,34.7,9.35848e-26
21.626,-17.3858,43,0.0325774
21.7369,-21.2238,24.8943,0.063403
21.7477,-21.2345,24.7938,0.0621149
21.7684,-21.3201,24.7016,0.105088
21.7182,-21.4511,24.6449,0.094794
21.7244,-21.4905,24.6622,0.0369134
21.7289,-21.5345,24.6564,0.408737
22.2276,-18.54,39.2,5.66992e-26
22.9401,-19.9069,34.7,0.093257
8.54178,-7.619,93.8,2.00761e-25
14.7467,-13.7985,43,0.0309851
12.9342,-18.4757,24.7605,0.179569
12.974,-18.657,24.5411,0.168393
12.9639,-18.9283,24.4469,0.192508
12.8619,-19.1524,24.2929,0.212447
12.6636,-19.4503,24.2264,0.262964
12.4808,-19.6216,23.894,0.280857
12.2713,-19.5863,23.5994,0.282023
12.2311,-19.6164,23.5913,0.445985
15.101,-14.4452,39.2,5.7552e-26
15.5205,-15.211,34.7,0.477467
-6.77745,9.82276,93.8,1.92294e-25
-41.8685,50,41.0855,1.31849e-25
-38.5213,46.6258,39,1.48816e-25
-22.4801,30.4552,29.0055,3.38673e-26
-21.5384,15.2303,34.7813,0.0576554
-21.5227,15.2749,34.7,0.0251475
-16.034,23.8152,24.9726,0.0495635
-15.9994,23.8618,24.9559,0.04366
-16.0052,23.9195,24.9436,0.0750122
-16.0287,23.9504,24.9802,0.0308654
-16.0512,23.9745,25,0.024759
-23.0729,31.0528,29.3748,2.45268e-26
-28.0888,36.1091,32.5,7.86924e-26
-19.6465,13.9633,43,0.0243427
-20.5169,14.5253,39.2,5.50358e-26
5.91267,8.02174,98.0856,8.67073e-26
-24.4761,50,38.0195,2.26028e-25
-19.2427,20.7834,34.7,0.0996023
-24.0557,24.0196,24.8582,0.125729
-24.4571,24.2961,24.375,0.548307
-24.5364,24.9029,24.6074,0.58177
-24.5387,25,24.6585,0.266191
-24.5252,30.3981,27.5435,6.30464e-26
-24.5087,37,31.0718,3.6578e-26
-24.502,39.6724,32.5,6.04182e-26
-15.7612,19.2308,43,0.0386011
-17.3552,19.9416,39.2,6.42496e-26
13.268,-8.08346,93.8,2.06746e-25
-50,24.8717,43.1574,2.43056e-25
1.55373,-0.137834,43.0506,0.02008
1.53925,-0.12761,43,0.0183044
-15.0741,7.63585,37.2025,1.02329e-25
12.6912,-7.69249,91.3,5.90703e-26
-42.5,21.1705,41.8786,1.38198e-25
-38.5199,19.2063,41.2,4.07299e-25
-1.86875,1.05024,34.9577,0.0177754
-1.89447,1.05941,34.9167,0.018895
-1.92907,1.06705,34.8736,0.013303
-1.96956,1.12729,34.8965,0.0203455
-2.01313,1.16833,34.912,0.0233896
-2.05527,1.18946,34.9392,0.0158806
-2.09355,1.20811,34.9628,0.0150334
-2.12512,1.233,34.9844,0.0203756
-2.15638,1.26098,35,0.0155438
-8.02147,4.15539,36,1.5593e-25
-13.2903,-6.8572,93.8,2.08081e-25
-2.60276,-1.40201,43,0.035244
-12.7643,-6.58874,91.3,5.94517e-26
3.91471,-1.34973,24.4776,0.449768
3.96939,-1.36404,24.0956,0.251631
3.9661,-1.36686,24.0187,0.0424023
3.57085,-1.06018,23.9197,0.639648
3.531,-1.04625,23.9646,0.0397281
3.39671,-0.997439,24.1258,0.941372
3.38444,-1.01375,24.1307,0.24933
3.94796,-1.3761,23.9308,0.0072427
3.94737,-1.37589,23.9303,0.0334115
0.435938,-1.54408,34.7,0.0982281
-1.19734,-9.88207,99.1239,4.56573e-26
4.87946,-50,42.6716,2.05142e-25
-1.59848,-1.94652,43,0.0289315
1.06786,-37.7594,38.7,1.80644e-25
-5.06451,-18.0658,32.3102,2.22432e-25
-11.8615,4.53984,24.9369,0.0855321
-11.9566,4.57487,24.9047,0.0754371
-12.0784,4.58673,24.902,0.091354
-12.0826,4.50443,24.9814,0.0783497
-12.0803,4.4646,25,0.0414752
-10.2887,3.80358,26.5,4.69411e-26
-8.82639,-5.98489,28.3904,1.70749e-25
-7.45799,-10.3794,29.8163,7.09663e-26
-4.88238,-18.6507,32.5,1.1077e-26
2.54403,-42.5,40.2381,9.37666e-26
-2.19046,-0.135261,34.7,0.0749357
-9.12903,3.23954,27.6742,3.67553e-26
-5.15323,1.30578,31.7,4.99106e-26
-5.78003,-8.13059,97.3474,1.13771e-25
-36.1453,12.2588,38.7,2.68527e-25
-16.4012,24.668,34.9597,0.0153705
-16.4139,24.627,34.9743,0.00991076
-16.437,24.5893,34.9922,0.0147131
-16.459,24.5607,34.9999,0.018677
-16.4597,24.5602,35,0.000187919
-14.0114,19.5576,43.0624,0.0140728
-14.0322,19.5776,43.0217,0.0200147
-14.0433,19.5911,43,0.00605298
-15.154,21.9936,39.2,7.19927e-26
-49.4463,3.94698,41.2,3.85589e-25
-10.0278,7.65175,93.8,2.02712e-25
-10.4247,7.98722,91.3,2.38037e-26
-19.5907,15.1623,34.7,0.0804789
-21.6958,16.045,24.6879,0.252859
-21.6801,16.2318,24.522,0.151755
-21.6782,16.2333,24.5223,0.0651511
-18.0932,14.4684,43,0.0286477
-18.7788,14.7861,39.2,5.77895e-26
16.3669,-29.8753,33.5043,1.7674e-25
9.11175,5.48614,93.8,2.12902e-25
1.95712,-50,30.365,2.31097e-25
21.2054,-19.485,43,0.0321292
7.32728,-42.5,31.5349,2.04242e-25
21.5028,-20.7328,39.2,5.63166e-26
15.6783,-30.8369,33.3543,3.01662e-26
21.8551,-22.2104,34.7,0.12967
12.123,4.61774,93.8,1.89364e-25
-16.6825,50,42.5703,2.6025e-25
17.191,11.5731,43,0.0327376
-8.89052,40.9674,38.7,1.73535e-25
12.3724,4.96003,91.3,5.41039e-26
17.5284,12.5609,34.7,0.0805456
6.24015,23.4279,31.1846,3.07929e-26
0.486156,30.0979,34.0426,9.43924e-26
19.2116,9.29583,24.9313,0.0649942
19.2213,9.27242,24.8524,0.0576789
19.2161,9.2098,24.7856,0.0544038
19.1772,9.13256,24.7232,0.0827998
19.0823,9.02836,24.7313,0.0907381
19.0047,8.90014,24.7657,0.119531
18.8976,8.84545,24.828,0.100978
18.853,8.84608,24.9062,0.0725278
18.7979,8.88191,24.9544,0.0736561
18.7564,8.94073,24.9761,0.0624888
18.6923,8.99331,24.9996,0.0722745
18.6914,8.99431,25,0.000239504
5.49248,24.2946,31.5559,2.98434e-26
17.3455,12.0254,39.2,5.37376e-26
-10.2126,42.5,39.3567,1.35945e-26
-9.91442,0.868935,94.5036,1.87264e-25
12.3437,11.7091,43,0.0317336
50,31.5853,31.0689,2.14885e-25
11.84,11.4638,44.1655,2.18449e-26
29.863,20.3848,33.3261,1.50717e-25
17.6068,13.5676,34.7,0.19329
30.8062,20.9093,33.2204,2.7509e-26
42.5,27.4137,31.9096,1.61685e-25
14.7533,12.56,39.2,6.4567e-26
13.5245,-15.3092,43,0.0295444
16.6673,-22.3336,24.6779,0.312211
16.4784,-22.3121,24.3981,0.23658
16.4303,-22.3105,24.3373,0.0581577
16.2907,-22.1269,24.149,0.206363
16.2398,-22.1272,24.0929,0.582683
14.434,-16.794,39.2,6.19776e-26
15.5111,-18.5523,34.7,0.0772454
13.9777,-6.69091,93.8,2.00611e-25
2.10883,-0.91165,43.0356,0.0195134
2.10373,-0.91256,43,0.00960442
13.3929,-6.40574,91.3,5.73174e-26
-24.3475,-4.20593,33.8378,6.14487e-26
-29.1889,-4.61455,33.6804,4.41575e-26
-27.6527,-4.48489,33.7303,9.48996e-26
2.30555,-1.9036,34.9403,0.0287108
2.33022,-1.91269,34.876,0.0174561
2.32064,-1.95798,34.8133,0.0226049
2.2801,-1.96168,34.7659,0.0215868
2.22543,-1.96621,34.7265,0.0209114
2.1863,-1.96646,34.7,0.00995553
-9.16512,-2.92453,34.3311,2.94543e-26
-8.04113,-2.82966,34.3676,1.43167e-25
13.1914,-3.54389,93.8,2.02571e-25
-8.68538,-7.32035,100.8,1.07204e-25
16.7882,17.457,43,0.0537156
8.41926,9.15017,38.7,5.81261e-26
13.3684,-2.51039,91.3,5.78773e-26
7.30876,8.08083,42.7318,3.87054e-26
6.43612,7.24054,45.9,2.9063e-26
9.52101,10.2111,34.7,8.71891e-26
14.692,18.4698,34.8888,0.0368599
14.6373,18.461,34.8079,0.0266421
14.5759,18.4627,34.7004,0.0496465
9.16295,9.86627,36,2.9063e-26
12.2454,12.8485,24.9688,0.0315276
12.2297,12.8144,24.9641,0.0219841
12.2036,12.7922,24.9796,0.0297686
12.1928,12.7838,25,0.0287365
15.817,17.9328,39.2,5.56058e-26
7.73067,8.4871,41.2,5.81261e-26
-6.28425,-9.44842,93.8,2.07966e-25
-1.35805,-2.42801,43,0.158459
-1.71108,0.0313689,24.75,0.160154
-1.4369,0.0148972,24.3357,0.441383
-1.16143,-0.370148,24.1465,0.477078
-1.12407,-0.41807,24.042,0.801811
-1.05233,-1.51754,34.7,0.098265
25.3268,50,40.8872,1.28075e-25
21.6695,47.0312,39,1.83642e-25
-11.2603,20.1651,31.7,5.13658e-27
3.80601,32.5309,29.7825,5.84784e-27
-13.8566,18.0542,34.7471,0.0920356
-13.8275,18.0689,34.7,0.0136693
-5.47705,24.8612,24.9579,0.135624
-5.4823,24.9286,24.9668,0.0536967
-5.47844,24.9925,24.9884,0.054581
-5.47157,25,24.9954,0.00477425
-6.81055,23.7987,26.5,1.90201e-26
-0.617581,28.9401,27.5,7.1664e-26
9.07245,36.8058,32.5,3.67093e-26
-12.332,14.9596,43,0.0383169
-13.051,16.373,39.2,5.75283e-26
-45.4385,50,44.6838,2.61595e-25
-0.684073,-1.37989,43,0.0221342
-31.9775,35.1338,38.7,1.85688e-25
-34.2209,37.6114,39.6972,4.34217e-26
-38.6474,42.5,41.665,4.3169e-26
-9.20731,9.98647,28.5779,2.70462e-26
-25.9037,28.4259,36,9.28441e-26
-22.9793,25.1962,34.7,4.73118e-26
-0.806029,0.63097,24.8176,0.111115
-0.797901,0.628654,24.7556,0.044261
-0.851588,0.69986,24.5303,0.186194
-0.881389,0.774664,24.3538,0.135826
-0.782044,0.995741,24.1428,0.275306
-0.845761,0.947172,24.5621,0.359704
-0.986177,0.966244,24.765,0.163163
-1.06871,1.00654,24.8868,0.0947082
-1.15456,1.08595,24.9969,0.142667
-1.15852,1.09743,25,0.00799896
-0.512028,0.764213,22.6043,0.050303
-0.512272,0.763245,22.6014,0.0749287
-7.24554,7.81991,27.7059,5.56157e-26
-8.46177,9.1631,28.2465,2.80511e-26
-33.1688,36.4495,39.2296,2.74444e-27
-37.6015,41.3448,41.2,1.39522e-25
-0.2935,-0.426352,34.7,0.0919658
-35.7284,-8.38652,13.6008,0.00210841
-41.011,-16.6216,19.2106,0.00368265
-14.7683,-12.5665,43,0.0343756
-19.0562,-14.3137,34.7,0.124169
-23.9063,-14.7742,24.7482,0.263589
-24.4105,-14.8439,24.0893,0.64212
-24.4939,-14.8844,23.9687,0.102395
-24.7099,-14.9737,23.7859,0.573991
-25,-15.0276,23.6023,0.247156
-24.9522,-15.0168,23.3816,0.050303
-24.952,-15.0155,23.3815,0.0445256
-24.7691,-15.4801,22.4488,0.050303
-24.7691,-15.4859,22.4421,0.144044
-24.3659,-14.829,23.3953,0.010722
-16.7314,-13.3664,39.2,6.69053e-26
-18.8474,17.3087,34.7,0.12824
-22.5301,19.9158,24.448,0.481767
-22.6808,19.9544,24.0631,0.411486
-22.2522,19.8227,23.8714,0.793181
-22.1634,19.7926,23.8344,0.707709
-15.5195,15.6152,43,0.0359287
-17.0431,16.3906,39.2,6.33275e-26
11.4752,-19.3142,43,0.0418112
13.8648,-23.9269,24.6442,0.250945
13.7987,-23.9542,24.3079,0.254222
13.8645,-23.9297,23.8286,0.586393
13.8657,-23.8707,23.5505,0.236589
13.8974,-23.8958,23.3218,0.952066
13.9031,-23.887,23.3374,0.0253616
13.9062,-23.8923,23.3506,0.197412
13.7711,-24.8603,23.4298,0.050303
13.7705,-24.8606,23.4299,0.0294677
12.4001,-20.3177,39.2,6.03642e-26
13.4954,-21.5061,34.7,0.107989
12.3263,3.64901,93.8,2.05458e-25
-1.10401,0.220963,43,0.0355939
-35.5341,-11.1723,38.7,1.24064e-25
-42.5,-13.0112,42.1516,5.90304e-26
-16.1019,-6.04241,29.0713,5.86073e-26
-27.7341,-9.11315,34.835,6.10942e-26
-25.5686,-8.54151,33.7621,1.27914e-25
-6.68432,-2.56719,24.7306,0.251196
-6.70234,-2.85384,24.5353,0.253276
-6.76924,-3.12447,24.5322,0.241293
-6.92817,-3.39286,24.5465,0.3239
-7.13699,-3.53839,24.565,0.17513
-7.42476,-3.64632,24.73,0.258716
-7.66595,-3.8055,24.8639,0.226144
-7.88038,-3.87178,24.9967,0.192026
-7.88546,-3.87338,25,0.00576993
-14.1952,-5.53906,28.1265,1.00893e-25
-40.5795,-12.5042,41.2,1.24064e-25
-3.56801,-0.520375,34.7,0.317417
-4.51797,-1.11746,31.7,5.9462e-26
3.3329,10.8673,93.8,2.15028e-25
50,-18.1161,41.1928,1.06212e-25
46.541,-17.7566,39,1.13929e-25
15.5733,-10.2977,43,0.0395426
15.2619,-9.75925,44.2923,1.86662e-26
23.4307,-15.3412,24.8824,0.119043
23.6201,-15.3369,24.7533,0.186232
23.7998,-15.3401,24.6747,0.128725
24.0066,-15.3802,24.7386,0.151269
24.1747,-15.411,24.812,0.117975
24.3274,-15.4551,24.9354,0.136587
24.4568,-15.4614,25,0.119993
31.8952,-16.2345,29.7155,3.24594e-26
36.2877,-16.691,32.5,9.25496e-27
16.075,-11.9594,39.2,6.08152e-26
30.8864,-16.1297,29.0759,3.37574e-26
16.6691,-13.9272,34.7,0.120638
0.356938,2.66416,43,0.0337344
-50.175,9.76753,38.7,2.2356e-25
-30.5948,4.96606,33.5682,6.30681e-26
2.33937,-3.19436,24.9508,0.0212217
2.34399,-3.15991,24.9118,0.027924
2.35974,-3.1169,24.9101,0.033193
2.3071,-3.10365,24.9193,0.0336763
2.27831,-3.10148,24.9443,0.0280309
2.25089,-3.08385,24.9693,0.0272578
2.22518,-3.06887,24.9881,0.0368981
2.19912,-3.05704,25,0.0225538
2.1674,-3.05074,24.9991,0.0202833
2.14049,-3.05866,24.9986,0.0136669
2.10342,-3.05253,24.9985,0.0129564
2.09685,-3.05062,25,0.00631296
-10.692,0.0854811,28.3519,2.97507e-26
-55.5,11.0733,40.0956,1.00115e-25
0.383415,1.9518,34.8535,0.0350453
0.386257,1.92152,34.716,0.0443765
0.391159,1.9144,34.7,0.00709206
-9.67311,-0.164374,28.0848,3.00988e-26
-4.11952,9.68415,93.8,2.21388e-25
-0.677904,-50,36.1243,2.42605e-25
-8.49992,-37.5771,31,0.00876829
-13.0814,-14.6444,43,0.0320105
-14.3957,-19.4045,34.7,0.0903087
-13.5339,-30.1151,27.5879,6.8695e-27
-17.9805,-24.0573,24.7248,0.253673
-17.7085,-24.1473,24.8623,0.197518
-17.5024,-24.3411,24.9263,0.211876
-17.352,-24.4554,25,0.175469
-13.6636,-29.9228,27.5,2.63007e-26
-12.8921,-31.0664,28.0229,3.12197e-26
-8.88925,-37,30.7361,3.57269e-26
-6.21024,-41.2136,32.5,8.40212e-26
-13.6831,-16.8237,39.2,6.5523e-26
7.14332,6.98302,98.6869,6.51272e-26
-44.2611,50,32.9185,2.34049e-25
-35.9049,37.8663,33.6371,1.25622e-25
-28.068,26.4868,34.3111,2.90336e-26
-27.441,25.5763,34.365,1.54009e-25
-23.5453,19.9195,34.7,0.0965371
-18.2967,18.1131,43,0.048364
-20.6997,18.9401,39.2,6.63016e-26
-11.0216,12.367,44.81,2.62432e-27
-12.9883,13.1003,35,2.89645e-26
-13.3243,13.1692,33.0903,4.62669e-26
-13.0467,13.1229,34.7,0.092081
-14.6888,13.4772,24.589,0.384273
-14.7337,13.5796,24.2986,0.280685
-14.9104,13.6,23.9148,0.279589
-14.9518,13.8628,23.4003,0.582095
-14.9748,13.8642,23.2562,0.0879137
-14.9701,13.865,23.2394,0.221875
-11.4324,12.4994,43,0.0268596
-12.1715,12.7849,39.2,5.79291e-26
-10.7103,-19.292,43,0.0282869
-11.9304,-21.4366,34.7,0.116128
-11.8863,-21.3591,35,2.97818e-26
-12.1781,-21.9441,31.7,8.69948e-26
-12.671,-23.2114,24.5991,0.308997
-12.5897,-23.4494,24.2849,0.290877
-12.4722,-23.7178,24.1336,0.346373
-12.4023,-23.739,24.1163,0.579591
-11.2689,-20.2739,39.2,5.95636e-26
7.69808,-10.2142,93.8,1.95087e-25
-17.5533,50,42.8817,2.13419e-25
-9.25176,33.1167,38.7,2.46191e-25
7.99866,-10.5019,91.3,4.09761e-26
13.8059,-16.0607,43,0.036712
17.5637,-22.4584,24.8304,0.133318
17.6873,-22.4855,24.7011,0.689858
17.8526,-22.5055,24.6621,0.10479
18.0356,-22.4607,24.7498,0.140611
17.9949,-22.336,24.8767,0.129023
17.9579,-22.2396,24.9967,0.127197
17.9458,-22.1965,25,0.02423
10.1646,-6.37156,28.9195,2.73404e-26
14.3554,-17.0979,39.2,5.75046e-26
-13.8656,42.5,41.0241,2.24535e-25
10.6198,-7.2972,28.6903,2.72866e-26
15.0062,-18.3262,34.7,0.08213
8.27364,-2.52574,29.8721,3.74666e-26
2.35994,9.50128,32.8509,3.82854e-26
3.04592,8.10617,32.5054,9.91396e-26
50,-13.3495,47.7152,2.57237e-25
39.8032,-17.0851,38.7,8.3129e-26
17.0543,-14.5546,43,0.0290744
23.4561,-22.3879,24.8891,0.102501
23.5023,-22.4573,24.7907,0.0717542
23.5301,-22.537,24.7128,0.0820696
23.6173,-22.6457,24.6224,0.242003
23.8132,-22.788,24.6425,0.203653
24.0064,-22.8046,24.7412,0.299295
24.1074,-22.7951,24.8315,0.107317
24.1823,-22.7783,24.9517,0.233533
24.3069,-22.7624,24.9993,0.12308
24.3077,-22.7621,25,6.97472e-05
23.535,-22.5709,24.6623,0.050303
23.5351,-22.5713,24.6621,0.0239633
31.8947,-19.9825,31.7078,3.94015e-26
18.2291,-16.0206,39.2,6.08958e-26
42.5,-16.0972,41.0843,7.83186e-26
30.8225,-20.3753,30.7599,4.19136e-26
19.6203,-17.7567,34.7,0.0830148
9.85011,1.52182,97.4934,9.08494e-26
1.15515,2.56789,43,0.0325371
-42.2372,7.34619,38.7,1.77153e-25
-13.7575,6.96842,29.337,6.80912e-26
-24.8349,7.11535,32.9788,6.53651e-26
-22.4299,7.08345,32.1882,4.32391e-26
-0.534397,6.79569,24.974,0.0167629
-0.555169,6.79498,24.9935,0.023735
-0.565467,6.79343,25,0.00381367
-8.16981,6.8943,27.5,8.49459e-26
-11.1116,6.93332,28.4671,4.8696e-26
-49.8416,7.44706,41.2,1.77153e-25
1.21334,3.26056,34.9208,0.0222061
1.21582,3.27356,34.8106,0.0291187
1.21578,3.29345,34.7401,0.0168615
1.20933,3.30372,34.7,0.0109262
0.674649,4.37887,31.7,3.24914e-26
29.1166,50,43.3314,1.93555e-25
28.0882,33.508,38.7,1.96924e-25
16.3937,-21.0103,43,0.0337906
28.6489,42.5,41.2252,2.47935e-27
27.2001,19.2644,34.7,2.64409e-25
26.5972,9.59633,31.985,2.82595e-26
27.4887,23.8935,36,9.84618e-26
26.5333,8.5708,31.697,1.98846e-25
24.7181,-16.2126,24.9511,0.0602248
24.7808,-16.2145,24.9079,0.0373996
24.8446,-16.1796,24.8839,0.0442457
24.8875,-16.127,24.8649,0.0552345
24.9428,-16.0946,24.804,0.0533042
24.9924,-16.0534,24.7852,0.0515154
25,-16.0189,24.7915,0.0250554
25.6112,-6.21636,27.5443,6.76068e-26
17.6278,-20.6432,39.2,5.61375e-26
28.6433,42.4103,41.2,1.96924e-25
19.1077,-20.1956,34.7482,0.0852349
19.1438,-20.1806,34.7,0.0205578
-28.9712,50,32.6522,2.06694e-25
-23.4098,30.0217,33.8218,2.85804e-26
-23.1267,29.0047,33.8813,1.47932e-25
-19.1337,14.9356,34.9235,0.0155326
-19.1571,14.9476,34.8614,0.0309957
-19.1804,14.9882,34.7982,0.0206787
-19.2177,15.0086,34.7316,0.0576528
-19.2339,15.0208,34.7,0.0136623
-21.0877,14.4256,43.0285,0.0216893
-21.0825,14.4232,43,0.00854893
-20.1598,14.66,39.2,5.69394e-26
7.42616,10.0482,93.8,2.18835e-25
-50.0125,-6.12615,38.7,1.30732e-25
-19.1524,14.3388,34.7,0.107897
-24.2012,13.6621,24.604,0.906909
-24.1123,13.8912,24.3179,0.353877
-24.1674,14.0473,24.1004,0.197653
-24.339,14.2064,23.8503,0.437812
-24.6067,14.471,23.7694,0.264074
-24.9273,14.5155,23.8243,0.260869
-25,14.5031,23.8803,0.0496163
-31.1093,9.46439,27.5,6.5366e-26
-37,4.60598,30.9902,3.87289e-26
-39.5482,2.50433,32.5,6.5366e-26
-15.2497,13.8994,43,0.02957
-17.0364,14.1006,39.2,6.29845e-26
-54.2319,-9.60618,41.2,1.30732e-25
-7.57424,-9.86441,93.8,1.91989e-25
-45.4792,-6.62565,38.7,1.45655e-25
-11.4932,-17.1231,43,0.0210717
-11.3391,-18.1161,34.7,0.0788501
-29.7323,-12.0842,32.1679,2.83807e-26
-28.7457,-12.4262,31.7586,4.26868e-27
-12.7219,-18.6929,24.8744,0.0841754
-12.6877,-18.6488,24.765,0.079578
-12.6755,-18.5228,24.7307,0.0928799
-12.5853,-18.4097,24.7437,0.204171
-12.4398,-18.2959,24.7585,0.188702
-12.3621,-18.1981,24.8242,0.114121
-12.3777,-18.1004,24.8949,0.115627
-12.4425,-18.0784,24.9888,0.0845684
-12.4527,-18.0741,25,0.0120723
-30.5329,-11.8067,32.5,2.41859e-26
-11.4226,-17.5777,39.2,5.45168e-26
-51.506,-4.53652,41.2,1.45655e-25
-2.80251,-10.1026,93.8,2.05708e-25
11.5968,-13.6189,43,0.0279561
15.5579,-14.2043,24.8598,0.126763
15.7698,-14.1477,24.5502,0.322884
15.9646,-13.9844,24.4007,0.209825
16.2461,-13.7894,24.2547,0.416598
16.3884,-13.7425,24.1557,0.135429
16.523,-13.7415,24.1019,0.208867
16.5964,-13.7499,24.1204,0.585324
15.8025,-14.462,24.0673,0.050303
15.8056,-14.4608,24.0654,0.0860197
12.5314,-14.0256,39.2,5.83887e-26
13.6382,-14.5072,34.7,0.0785411
11.0154,13.247,43,0.0452046
10.8249,12.6464,44.6525,7.27317e-27
13.0712,16.4012,34.7,0.20224
13.5999,20.8928,24.8806,0.142224
13.593,20.9327,24.7445,0.107078
13.6792,20.9865,24.5834,0.137499
13.7324,21.1292,24.3922,0.164834
13.4592,21.2395,24.5049,0.215899
13.3566,21.4211,24.6951,0.324654
13.3438,21.4533,24.7124,0.0296893
13.3251,21.488,24.7056,0.379653
11.9566,14.6911,39.2,6.02471e-26
-11.1447,-13.3495,43,0.0383005
-11.5497,-15.4328,34.7,0.0914444
-11.5351,-15.3575,35,2.84405e-26
-11.6551,-15.5693,34.3779,1.00479e-26
-14.7677,-19.6451,24.867,0.114304
-14.7876,-19.8003,24.792,0.120376
-14.7748,-19.8873,24.7398,0.0944517
-14.7578,-20.0249,24.6389,0.428367
-14.79,-20.1538,24.5798,0.151739
-14.7178,-20.1252,24.7297,0.153221
-14.7181,-20.2056,24.5736,0.18471
-14.7212,-20.2375,24.5449,0.39883
-11.3302,-14.3033,39.2,5.68811e-26
-9.64666,16.0477,44.1714,2.11619e-26
-29.6414,12.4036,30.8983,2.7702e-26
-26.3796,13.3015,31.7,8.07713e-26
-13.8943,16.6946,34.8362,0.088159
-14.0485,16.6762,34.7571,0.046127
-14.1733,16.6616,34.7,0.0359986
-30.7035,12.1112,30.6373,2.67722e-26
-37,10.378,29.0898,2.84161e-26
-10.0357,16.3899,43,0.0301981
-11.8152,16.5432,39.2,5.87202e-26
10.1928,17.5006,43,0.0470969
9.67062,17.1109,44.6869,6.62587e-27
13.0134,19.5641,34.7,0.0838407
15.973,21.4153,24.9472,0.0373171
16.0648,21.6486,24.7457,0.427561
16.352,21.4219,24.7463,0.570368
16.3651,21.4124,24.7546,0.227505
11.4842,18.4453,39.2,6.29147e-26
29.7964,-19.9543,32.4385,2.37492e-25
19.9499,12.9831,43,0.045754
36.109,-50,31.073,1.95642e-25
34.4918,-42.5,30.9839,0.0377226
33.2854,-36.7069,31.3577,4.31915e-26
24.0411,7.68041,34.2215,1.53295e-25
22.4964,15.0975,34.7,0.084266
25.1264,2.46907,33.8852,4.70652e-26
24.7583,4.23666,33.9993,9.47539e-26
30.6458,-24.0326,32.1754,4.71982e-26
32.8259,-34.501,31.5,1.60916e-25
21.1158,13.9511,39.2,5.89672e-26
27.9964,-11.3112,32.9962,6.00873e-26
30.2945,-22.3459,32.2842,6.3417e-26
-2.60467,13.9085,93.8,1.89153e-25
-18.126,7.06452,44.9,1.04402e-25
-3.03595,14.0208,91.3,5.40438e-26
-17.9405,6.8886,45.9,2.82167e-26
-19.7774,8.63014,36,2.82167e-26
-20.0186,8.85883,34.7,8.465e-26
-14.7694,14.6995,34.8354,0.0758357
-14.8444,14.6539,34.7056,0.059985
-14.8482,14.6516,34.7,0.00126572
-21.5586,10.7629,24.9739,0.0286615
-21.5983,10.7697,24.9546,0.0420151
-21.6419,10.7523,24.9404,0.0345179
-21.6838,10.7242,24.9432,0.0304663
-21.7162,10.686,24.9392,0.0296986
-21.7518,10.6564,24.9355,0.0434887
-21.7736,10.6163,24.9395,0.0290135
-21.8072,10.584,24.9527,0.0234536
-21.8188,10.5644,24.9954,0.0352184
-21.8184,10.5652,25,0.00939717
-11.3683,16.1909,43,0.0253948
-12.9292,15.5037,39.2,5.83468e-26
-18.8126,7.71539,41.2,5.64333e-26
14.7722,-10.8174,43,0.0731841
20.9427,-18.6871,24.658,0.395002
21.4846,-18.7445,24.5035,0.40726
21.5351,-18.7202,24.5422,0.0445856
21.9779,-18.648,24.5157,0.480071
22.1813,-18.4684,24.1503,0.334924
22.1709,-18.4822,24.1109,0.0273507
22.089,-18.5492,23.9327,0.857148
22.0754,-18.5696,23.9469,0.302466
22.0972,-18.4972,23.6204,0.010331
22.0965,-18.4976,23.6208,0.036282
15.2968,-11.5783,39.2,5.93764e-26
15.918,-12.4794,34.7,0.0896435
4.94877,-12.8395,93.8,2.08974e-25
7.06882,50,33.8996,2.18488e-25
3.74905,-13.2051,91.3,5.97068e-26
-19.4295,-20.2678,43,0.0380426
-12.3981,7.53727,27.6272,2.68802e-26
-5.05431,23.5561,29.9934,8.36449e-26
-19.8522,-20.908,34.8704,0.0380017
-19.8999,-20.8237,34.7614,0.0432268
-19.9492,-20.711,34.7014,0.0345359
-19.9493,-20.7095,34.7,0.000362497
-1.99696,30.225,30.9786,2.08126e-25
-20.511,-10.4046,24.9773,0.0262909
-20.4771,-10.4059,24.959,0.02927
-20.4513,-10.4347,24.9419,0.0221776
-20.4274,-10.4666,24.9346,0.0308062
-20.4253,-10.4379,24.9566,0.0204117
-20.4435,-10.4034,24.9788,0.0305279
-20.4492,-10.3798,25,0.0207801
-20.4642,-10.3748,24.9762,0.0154708
-20.4834,-10.3666,24.949,0.0283535
-20.5058,-10.3427,24.9611,0.0404989
-20.5202,-10.3211,24.9767,0.0266712
-20.5432,-10.2975,24.9835,0.0264924
-20.5574,-10.2742,24.9922,0.0270992
-20.5518,-10.2483,25,0.0174489
-12.7929,6.67608,27.5,2.11301e-25
2.72494,40.5248,32.5,1.4123e-25
-19.6163,-20.5717,39.2,5.36762e-26
-15.3732,-11.1216,43,0.0319841
-16.6741,-13.3165,34.7,0.129908
-17.9139,-14.4651,24.5568,0.35848
-17.8167,-14.3064,24.1385,0.446519
-17.7827,-14.5311,23.8119,0.299952
-17.7691,-14.7848,23.6537,0.96122
-17.8283,-14.7652,23.6817,0.543932
-17.8417,-14.6382,23.7277,0.0016869
-17.8421,-14.6389,23.7284,0.0398252
-15.9688,-12.1265,39.2,6.01205e-26
-12.1088,2.35714,93.8,2.02283e-25
-26.3898,50,38.0056,2.27462e-25
-18.1838,31.2339,28.1323,3.33655e-26
-14.5024,19.3182,34.7,0.0850305
-16.046,23.8156,24.8176,0.144249
-16.0143,23.9357,24.6867,0.235271
-15.988,24.1393,24.537,0.226175
-16.0227,24.3491,24.3892,0.209628
-15.8469,24.5746,24.2829,0.208886
-15.7473,24.767,24.3645,0.168087
-15.5942,24.8634,24.4928,0.201495
-15.5004,24.9503,24.676,0.152538
-15.4576,24.9996,24.8522,0.133909
-15.4578,25,24.8524,0.000378924
-15.8961,24.3775,24.5236,0.0083498
-15.895,24.3788,24.5261,0.0745747
-18.5161,31.9938,28.532,2.46916e-26
-20.7052,37,31.166,3.24946e-26
-21.8139,39.5356,32.5,6.17617e-26
-14.8039,16.3365,43,0.0233627
-14.6658,17.7016,39.2,5.91424e-26
11.1825,-5.20424,93.8,2.15355e-25
-0.157552,18.7068,100.8,2.2119e-25
-1.77472,14.4848,93.3,6.31972e-26
-12.599,-13.7743,43.1,0.0279306
-7.23559,-14.2538,44.9,3.0765e-26
-8.62919,-14.9385,41.2,1.13831e-25
-11.0774,-16.1415,34.7,0.10365
-12.6732,-16.7164,35,0.0836558
-10.9644,-16.0859,35,3.0765e-26
-11.3806,-16.3545,33.8693,2.57622e-26
-14.7578,-18.8217,24.6835,0.378267
-14.598,-19.1364,24.5579,0.279279
-14.2997,-19.2858,24.4884,0.226678
-13.9712,-19.4425,24.4052,0.29791
-13.6726,-19.7337,24.4625,0.363006
-13.3642,-19.8591,24.5225,0.319098
-13.2695,-19.8725,24.8702,0.266235
-13.2237,-19.8986,25,0.0983487
-9.38249,-15.3087,39.2,6.153e-26
-12.6164,-14.4644,41.2,5.76184e-26
9.89224,-17.8951,34.7,8.76261e-26
-10.3304,1.49198,100.8,4.1643e-26
10.5637,-14.799,43,0.0284804
6.46571,-14.6101,45.9,2.92087e-26
6.77165,-14.9034,44.9,1.08072e-25
12.5969,-19.731,24.8312,0.1215
12.5871,-19.8193,24.6907,0.175281
12.5981,-19.9629,24.5601,0.234262
12.6547,-20.1688,24.4264,0.178631
12.7748,-20.4634,24.4115,0.223575
12.8508,-20.6123,24.6872,0.277187
12.8526,-20.6929,24.8083,0.120677
12.8478,-20.7411,24.9607,0.131407
12.8599,-20.7401,25,0.170112
11.0067,-15.8776,39.2,5.73144e-26
7.90363,-15.9887,41.2,5.84174e-26
9.49452,-17.5138,36,2.92087e-26
11.5314,-17.155,34.7,0.0869337
-6.65718,-10.8537,93.8,2.02516e-25
-5.5934,11.9153,100.8,2.10996e-25
1.48865,2.37794,43.0251,0.0194576
1.49045,2.38244,43,0.00586816
-0.549731,5.34238,44.9,1.11527e-25
-0.215892,4.90731,41.2,6.02846e-26
0.322625,4.0471,34.938,0.0539408
0.354447,4.03973,34.872,0.0211461
0.3835,4.05607,34.7979,0.0226087
0.423532,4.11261,34.791,0.0419622
0.476288,4.16307,34.8266,0.0289247
0.413744,4.17173,34.8731,0.0288673
0.371059,4.17819,34.9288,0.0210892
0.344029,4.17732,34.9889,0.0223952
0.343513,4.17829,35,0.0044169
0.253287,4.29588,36,3.01423e-26
0.62924,-10.0523,93.8,5.19576e-26
11.5471,-12.2616,43,0.0334775
11.1735,-12.186,44.7382,4.75423e-27
17.3482,-14.6256,24.8319,0.125817
17.4504,-14.4254,24.3959,0.362938
17.4747,-14.3845,24.3192,0.0666325
17.5694,-14.4411,23.881,0.412983
17.5634,-14.6072,23.6809,1.32633
17.564,-14.6068,23.6807,0.0311462
17.8568,-14.5074,23.9184,0.050303
17.8549,-14.5086,23.9175,0.0660968
12.5033,-12.597,39.2,5.93942e-26
13.4015,-12.9122,35.6304,1.09765e-26
13.6357,-12.9943,34.7,0.100788
1.30843,-11.2969,93.8,1.9773e-25
-2.53555,-0.72432,43,0.0349024
-2.00435,0.635782,24.8909,0.0898573
-2.19519,0.6786,24.8399,0.123605
-2.34111,0.628111,24.935,0.162191
-2.4505,0.611564,25,0.0798036
-2.15798,0.679099,24.8071,0.0015418
-2.15876,0.678534,24.8065,0.0406093
-25.7542,-0.59322,27.5,2.55752e-25
-37,-1.17462,28.7064,2.74368e-26
-3.00201,-0.0878996,34.7,0.0804017
-7.03771,10.0574,93.8,1.96124e-25
50,0.982549,41.9448,2.12823e-25
-1.00376,-0.762782,43.0054,0.024454
-1.00337,-0.76358,43,0.00106466
41.8387,1.08845,38.7,1.52941e-25
23.155,1.33088,31.2717,9.37632e-27
20.7,1.36273,30.2956,5.22894e-26
29.5254,1.24822,33.8044,1.41024e-25
7.29915,1.45384,24.9857,0.0211067
7.31457,1.47684,24.9789,0.0257892
7.32378,1.502,24.9796,0.0147262
7.34318,1.51415,24.9902,0.0184492
7.36308,1.524,25,0.0134882
7.38044,1.53556,25,0.0154636
7.38045,1.53556,25,1.42325e-05
13.6685,1.45397,27.5,7.64703e-26
-0.633653,-2.03288,34.8962,0.0312236
-0.596107,-2.02296,34.8272,0.0220244
-0.566198,-2.01007,34.7418,0.0322315
-0.549005,-2.00505,34.7,0.00812942
-0.198203,12.8788,93.8,1.93391e-25
-37.837,0.844212,38.7,1.02009e-25
-42.4896,-2.50968,42.2,5.10045e-26
-26.9078,8.72257,30.4784,3.14354e-26
-16.2581,13.4346,34.7,0.0949003
-19.1455,13.8917,24.9312,0.0619386
-19.1996,13.934,24.8793,0.0694609
-19.2594,13.9833,24.8571,0.0560889
-19.3296,14.0239,24.8498,0.053862
-19.3988,14.0565,24.8642,0.0687083
-19.4771,14.0706,24.8852,0.0570192
-19.5338,14.037,24.9429,0.0659631
-19.594,13.9959,24.9815,0.0612456
-19.6252,13.9723,25,0.0312007
-42.5,-2.51716,42.2078,0.00256012
-27.8495,8.04374,31.1868,3.09517e-26
-13.96,13.1914,43,0.0341712
-15.0121,13.3027,39.2,5.53319e-26
-41.1603,-1.55143,41.2,1.02009e-25
-13.0936,-2.16534,93.8,1.91059e-25
-25.9002,-50,42.5664,2.05778e-25
-24.9222,-42.4596,38.7,1.18728e-25
-24.9981,-43.0447,39,1.35936e-27
-13.3975,-2.66968,91.3,5.45883e-26
-19.2685,-12.4136,43,0.026769
-18.6897,-14.8511,34.7083,0.135017
-18.6921,-14.8517,34.7,0.00153842
-23.2837,-29.8271,32.2226,3.09583e-26
-21.1887,-15.3161,24.9377,0.0345219
-21.2117,-15.3367,24.8772,0.0457719
-21.2282,-15.3993,24.8219,0.0618095
-21.2505,-15.4888,24.7984,0.0985073
-21.3206,-15.5633,24.801,0.0589093
-21.4076,-15.639,24.8558,0.097083
-21.4577,-15.658,24.9172,0.0894172
-21.4653,-15.6886,24.9723,0.0498265
-21.4566,-15.7411,25,0.0320657
-23.3538,-30.368,32.5,1.35372e-26
-18.9993,-13.5337,39.2,5.55107e-26
19.835,18.4046,43.0504,0.0445487
19.8618,18.4015,43.0097,0.0147507
19.8687,18.4007,43,0.00237572
50,10.8269,34.0017,2.41223e-25
29.2225,13.6973,34.6506,5.45342e-26
24.5414,14.1759,34.9687,0.0110006
24.5635,14.1658,34.9291,0.0252908
24.5841,14.1562,34.8825,0.0172197
24.6233,14.1243,34.8362,0.0217558
24.6982,14.1561,34.7952,0.0238992
24.7403,14.2,34.7889,0.0318111
24.7699,14.2388,34.7762,0.0139729
24.7965,14.2731,34.7606,0.0142532
24.8387,14.3032,34.7568,0.0191458
24.8737,14.3069,34.7503,0.0156088
24.9108,14.297,34.7748,0.018382
24.9555,14.287,34.7837,0.0179534
24.9634,14.2857,34.7836,0.00358391
24.517,14.1878,35,3.16356e-26
30.3205,13.5456,34.6163,3.60678e-26
22.0767,16.3996,39.2,7.45307e-26
6.17605,-16.1582,33.393,1.44083e-25
10.5462,-2.11653,93.8,1.9435e-25
13.7255,-13.6039,43,0.0356859
-6.24747,-15.9378,31.2878,2.85009e-26
-5.15755,-15.9571,31.4725,2.84854e-26
-34.5015,-15.4364,26.5,1.29275e-25
13.815,-14.8621,39.2,5.71365e-26
5.11278,-16.1394,33.2128,2.81096e-26
13.9049,-16.2685,34.8952,0.0257482
13.9014,-16.2888,34.7945,0.033793
13.8975,-16.2953,34.7027,0.0189736
13.8892,-16.2951,34.7,0.0024522
12.1781,-16.9733,43,0.0234288
13.8518,-20.0901,24.2333,0.471528
13.7615,-20.1578,23.5624,0.495119
13.6223,-20.047,22.7319,0.673583
13.7304,-20.1341,22.447,0.366981
13.9842,-20.132,22.3615,0.486539
13.936,-20.2573,22.394,0.878108
13.9568,-20.1907,22.3923,0.050303
13.957,-20.1908,22.3924,0.017286
13.9759,-20.1303,22.4285,0.050303
13.9764,-20.1308,22.4283,0.0321055
12.6349,-17.9761,39.2,6.07956e-26
13.1757,-19.1637,34.7,0.0726762
-7.60945,6.95818,93.8,3.17204e-26
-30.7856,20.713,34.4746,2.93208e-26
-29.6599,20.847,34.4991,1.53667e-25
-20.4462,21.9436,34.7,0.116557
-18.0586,19.0173,43,0.0286784
-19.1517,20.357,39.2,5.97143e-26
13.5416,11.4328,100.8,2.28552e-25
-19.009,-12.0867,43,0.0216826
-16.5183,-11.0912,43.1,0.049894
-20.8552,-13.0015,34.7,0.111425
-19.5787,-13.0413,35,0.0750161
-22.8667,-14.366,24.7366,0.213237
-22.971,-14.3073,24.518,0.18597
-23.2099,-14.1479,24.5343,0.258405
-23.2294,-14.1085,24.811,0.225792
-23.1714,-14.0359,25,0.156241
-19.8542,-12.5055,39.2,5.77534e-26
-17.2362,-11.5487,41.2,6.00274e-26
-15.5959,14.0178,34.7,0.072276
-19.7114,15.241,24.8834,0.103957
-19.7542,15.224,24.7791,0.127502
-19.8068,15.1926,24.7,0.0744359
-19.8315,15.1214,24.6119,0.0852102
-19.831,15.0918,24.5835,0.386251
-13.5849,11.3601,43,0.0263517
-14.5056,12.5769,39.2,5.80673e-26
-8.17345,-5.72781,98.3619,7.26729e-26
26.2381,50,42.7845,1.68916e-25
12.2555,13.2725,43,0.048028
25.5982,42.5,37.4329,3.36011e-26
25.7856,44.6962,39,5.54854e-26
16.5317,16.5045,34.7344,0.0913329
16.5576,16.5358,34.7,0.0104409
24.4863,29.4663,28.1328,2.90098e-26
24.4085,24.7946,24.9391,0.0588857
24.333,24.8255,24.9014,0.0608701
24.2621,24.8334,24.8756,0.0515008
24.1949,24.8421,24.8832,0.0447539
24.1427,24.8867,24.8956,0.076817
24.1172,24.9551,24.9227,0.0429001
24.1053,25,24.9459,0.0276712
24.4106,28.5795,27.5,9.48021e-27
24.5669,30.4113,28.8071,3.09145e-26
25.0085,35.5867,32.5,6.52602e-27
14.2132,14.7495,39.2,6.33231e-26
-11.2303,4.79374,93.8,2.34128e-25
-18.1704,-22.0718,43.0514,0.0175105
-18.1675,-22.0787,43.0061,0.0164353
-18.1665,-22.0792,43,0.00262904
-17.9099,-23.2917,34.9565,0.01172
-17.9261,-23.2947,34.9149,0.0149736
-17.9282,-23.3049,34.8632,0.0146811
-17.9358,-23.2897,34.7873,0.0235547
-17.951,-23.2823,34.7351,0.0723573
-17.9644,-23.2731,34.7,0.0117062
-20.418,-10.3713,24.9939,0.00515554
-20.4204,-10.361,24.9894,0.0110095
-20.4267,-10.3516,24.9889,0.00425524
-20.4354,-10.3411,24.9907,0.0155606
-20.4429,-10.3328,24.9971,0.00728106
-20.4495,-10.326,24.9998,0.00854713
-20.45,-10.3258,25,0.000888923
-32.1882,-6.76634,27.5,1.71977e-25
-37,-5.30722,28.5248,3.66275e-26
-18.0414,-22.6502,39.2,6.02806e-26
-55.4687,14.7,38.7,1.35447e-25
-30.7558,20.8242,27.8412,2.31074e-26
-20.8202,22.5245,34.7,0.122294
-23.9255,22.0807,24.913,0.0537516
-23.9674,22.1233,24.8472,0.0536871
-24.0334,22.1812,24.8269,0.0441024
-24.0756,22.2635,24.8606,0.0518234
-24.1281,22.3421,24.8954,0.0638239
-24.1915,22.3909,24.9361,0.0649967
-24.263,22.4322,24.9924,0.0871276
-24.2897,22.4266,25,0.0206429
-29.9793,21.0166,27.5,1.14389e-26
-31.7746,20.5717,28.2889,3.03165e-26
-37,19.2768,30.5849,2.97576e-26
-41.3585,18.1967,32.5,6.77235e-26
-18.9091,18.8048,43,0.030907
-19.7841,20.5078,39.2,5.99839e-26
-15.9095,16.4205,34.7,0.0967578
-20.7744,18.5437,24.91,0.0946479
-20.8179,18.5685,24.8008,0.0840804
-20.8265,18.5954,24.7103,0.0740458
-20.7585,18.7135,24.5941,0.1153
-20.7946,18.8246,24.543,0.0807862
-20.7949,18.8248,24.5428,0.0223801
-14.0444,15.2727,43,0.0251767
-14.8983,15.7982,39.2,5.58108e-26
-1.56445,-10.0162,93.8,3.77755e-26
13.2228,-18.3615,43,0.0274452
16.6573,-24.1999,24.7337,0.236146
16.4541,-24.4825,24.6963,0.309982
16.3732,-24.2356,24.5565,0.362207
16.3884,-24.2343,24.5421,0.248956
14.1584,-19.005,39.2,5.9545e-26
15.2664,-19.767,34.7,0.089136
16.2285,17.8557,43,0.0280612
17.101,20.8663,34.7,0.0882906
17.9882,23.3332,24.7972,0.16806
18.0776,23.3229,24.6341,0.124202
18.0517,23.4279,24.4398,0.220339
18.1156,23.6549,24.3005,0.28201
18.0405,23.8011,24.34,0.117906
17.9723,23.8287,24.4281,0.40031
17.9801,23.8001,24.4017,0.377756
16.628,19.234,39.2,5.92417e-26
11.149,-14.9497,43,0.0263424
13.6283,-19.4362,24.5746,0.58382
13.5731,-19.4811,24.3899,0.133823
13.352,-19.974,24.5401,1.01885
11.9805,-15.8801,39.2,6.1185e-26
12.9652,-16.9819,34.7,0.0861084
-5.69112,8.20356,96.5734,1.30598e-25
27.5567,50,41.3693,1.34071e-25
16.6917,15.1071,43,0.0268218
26.0646,42.5,37.3742,3.98338e-26
26.6718,45.5521,39,8.03183e-26
19.0868,15.6355,34.7,0.0840984
23.5578,29.8993,30.6622,3.06102e-26
20.8114,17.8575,24.7039,0.312443
21.087,18.1131,24.5613,0.289852
21.3289,18.3948,24.4902,0.250405
21.4388,18.7321,24.6284,0.274235
21.4789,18.8862,24.7806,0.254009
21.4471,19.1349,24.9207,0.195825
21.4431,19.2695,25,0.124747
21.5045,19.2833,24.7854,0.050303
21.504,19.2839,24.7852,0.0327731
23.7329,30.7793,31.1309,2.76945e-26
17.7883,15.349,39.2,5.90183e-26
-6.00145,12.8652,100.8,1.99622e-25
10.4368,15.4107,43.0004,0.0415311
5.8043,18.4844,38.7,5.70349e-26
-4.57563,13.5438,93.3,5.70349e-26
4.43552,17.8329,45.9,1.07966e-25
10.2923,17.9345,31.7,8.69242e-26
6.56473,18.8464,34.7,8.55524e-26
11.1397,17.0633,34.8764,0.0309252
11.0929,17.074,34.7418,0.0626647
11.0878,17.0809,34.7,0.0137738
11.1496,17.0506,35,2.74761e-26
6.31759,18.7287,36,2.85175e-26
8.5009,19.8626,24.9685,0.0253767
8.47003,19.8648,24.9599,0.029045
8.43625,19.8517,24.9454,0.0201114
8.42128,19.8174,24.9535,0.0354022
8.43575,19.7815,24.9555,0.0447348
8.42728,19.7452,24.957,0.051112
8.40104,19.7192,24.959,0.0215582
8.41012,19.7233,24.9911,0.0260643
8.40879,19.7241,25,0.00488785
10.7754,16.1897,39.2,5.49523e-26
5.32903,18.2582,41.2,5.70349e-26
-2.40906,-2.70439,43,0.031988
-2.26423,-3.50581,24.2657,0.549072
-2.19608,-3.57697,23.9254,0.268753
-2.22527,-3.73313,23.1929,0.594583
-1.83526,-3.92998,22.4965,0.639683
-1.73348,-4.04918,22.2391,0.239696
-1.71851,-4.05155,22.1857,0.47252
-1.49053,-4.11981,21.8377,0.134409
-2.25429,-3.03286,34.7,0.111161
-2.31642,-3.1525,31.7,1.63779e-26
33.5142,50,42.0785,1.7896e-25
19.1911,14.854,43.0241,0.0168033
19.196,14.866,43,0.00544808
30.7232,42.5,37.6133,5.48725e-26
31.59,44.8292,39,6.54334e-26
21.5147,19.4121,34.9419,0.021273
21.5433,19.4401,34.8772,0.0199389
21.5605,19.4764,34.7968,0.0248724
21.5578,19.4799,34.7175,0.046898
21.5593,19.4798,34.7,0.00512194
25.5959,28.7218,29.4102,3.33248e-26
22.9004,21.2314,24.9781,0.0161687
22.8885,21.2441,24.9611,0.015672
22.8699,21.2579,24.9499,0.0324271
22.8467,21.2683,24.9546,0.0214619
22.8411,21.2902,24.9718,0.0181158
22.8412,21.3075,24.9918,0.0219058
22.8393,21.3143,25,0.0074748
25.9099,29.5655,29.9125,3.01824e-26
27.5272,33.9115,32.5,2.76359e-26
20.2867,17.0018,39.2,6.51607e-26
23.2505,-7.24358,34.5713,8.49759e-26
31.2445,50,31.9992,2.07618e-25
20.6105,-13.0204,43.0212,0.0244239
20.6205,-13.0201,43,0.00823687
27.7716,25.1306,33.1167,4.88083e-25
24.8602,4.28292,34.0534,6.3475e-26
25.4575,8.56023,33.8612,9.73156e-27
27.9778,26.6075,33.0503,4.17573e-26
25.4061,8.19203,33.8777,1.15161e-25
30.1972,42.5,32.3362,1.08105e-25
21.6039,-12.5653,39.2,5.78091e-26
22.691,-12.0627,35,2.89046e-26
23.3999,-6.17374,34.5232,3.01623e-26
22.7055,-12.0414,34.934,0.0230843
22.6927,-12.0095,34.8792,0.0192743
22.6582,-11.9544,34.8413,0.0219258
22.6431,-11.8879,34.7779,0.0264514
22.6393,-11.8286,34.7592,0.0166651
22.6225,-11.7612,34.7593,0.0240523
22.627,-11.6832,34.771,0.0552233
22.6374,-11.6338,34.7685,0.0174718
20.0648,-11.9337,43,0.0335512
23.6421,-14.4757,24.3895,0.542403
23.7746,-14.444,23.6676,0.498432
23.8783,-14.6256,23.1303,0.730406
23.6644,-14.4553,22.7145,0.375679
23.506,-14.398,22.5355,0.898702
23.4984,-14.3957,22.5596,0.281747
22.9217,-13.8524,23.128,0.050303
22.9186,-13.8519,23.1267,0.079125
23.7299,-14.3984,24.102,0.0083498
23.7304,-14.3982,24.1016,0.0289594
20.9349,-12.4741,39.2,6.05817e-26
21.9653,-13.114,34.7,0.0941971
16.0027,-16.2984,43,0.0351782
21.6465,-18.7678,24.462,0.373484
21.7048,-18.7479,24.1052,0.313942
22.1157,-18.648,23.9601,0.547637
22.2581,-18.6285,23.8626,1.02596
16.9043,-16.8838,39.2,5.99712e-26
17.972,-17.5771,34.7,0.124407
-11.7739,22.622,35,2.69618e-26
-10.4249,22.6821,31.7,8.71399e-26
-11.7512,22.6669,34.7,0.0976184
-7.42723,22.6903,24.9264,0.0689261
-7.42432,22.6191,24.8895,0.0489593
-7.39837,22.5718,24.8558,0.0542038
-7.33359,22.533,24.8472,0.0608373
-7.24234,22.5364,24.8294,0.0654629
-7.16403,22.5116,24.847,0.0600822
-7.09738,22.5581,24.8515,0.0878106
-7.07187,22.5098,24.8066,0.151389
-7.07307,22.5115,24.7907,0.210148
-12.3782,21.4252,43,0.0272904
-12.0911,21.9937,39.2,5.39235e-26
-9.64666,16.972,44.5915,8.98055e-27
-11.2459,20.155,35,2.93063e-26
-11.5918,21.1235,31.7,8.59486e-26
-11.2953,20.2561,34.7,0.0728172
-12.2546,23.0653,24.9788,0.00789666
-12.3136,23.0315,24.8355,0.147476
-12.38,22.9758,24.7232,0.100774
-12.4868,23.0166,24.6107,0.11526
-12.6044,23.065,24.4934,0.243176
-12.6684,23.0736,24.4439,0.0949971
-12.6512,23.0168,24.4615,0.509056
-4.69596,12.152,21.4829,0.0083498
-4.68439,12.1207,21.5051,0.380982
-9.92617,17.4594,43,0.0158825
-10.553,18.7399,39.2,5.86125e-26
-14.5759,-14.922,43,0.0238844
-16.2414,-17.5599,34.7,0.0783511
-19.8979,-19.1857,24.8649,0.115845
-19.9952,-19.188,24.7988,0.117994
-20.129,-19.1359,24.8195,0.137722
-20.2564,-19.0768,24.8153,0.0810281
-20.4172,-19.0997,24.8081,0.197241
-20.4737,-19.1558,24.9441,0.14845
-20.5225,-19.1089,25,0.0602406
-23.8283,-21.7715,21.1212,0.408609
-15.3384,-16.1297,39.2,5.85066e-26
2.21845,9.72669,100.337,1.50994e-26
-40.0984,-6.01052,38.7,1.13495e-25
-15.5712,-14.0568,43,0.0241095
-18.6734,-17.3387,34.7,0.103673
-30.826,-15.1648,31.4353,3.72561e-26
-22.7406,-21.1335,24.6669,0.323994
-22.8313,-21.4052,24.4037,0.353689
-22.8734,-21.9196,24.4827,0.48344
-22.807,-22.354,24.6556,0.345823
-22.6312,-22.8856,24.8496,0.628292
-22.5606,-23.3278,24.9713,0.396466
-22.6123,-23.274,25,0.0466304
-22.8683,-21.5453,24.4151,0.0083498
-22.8684,-21.5458,24.414,0.042497
-31.5645,-14.4358,32.0139,3.28313e-26
-16.9915,-15.5594,39.2,6.59418e-26
-43.2893,-2.86026,41.2,1.13495e-25
9.70181,-2.30049,98.758,6.07766e-26
-50,-19.8224,19.2359,1.01146e-25
-12.9244,-15.2839,43,0.0303234
-20.9265,-17.4805,34.7,0.161902
-31.1149,-18.3012,29.2808,2.96587e-26
-26.5667,-17.9348,31.7,4.91993e-26
-31.9975,-18.3723,28.8114,2.69146e-26
-36.343,-18.7223,26.5,5.73341e-26
-16.588,-16.2896,39.2,7.61955e-26
3.37276,-14.9407,93.8,2.0357e-25
-4.49637,50,40.7184,1.35551e-25
-1.8282,-1.21281,43,0.0286714
-4.07149,42.5,38.1956,1.25262e-25
-4.20697,44.8915,39,5.32907e-26
3.11681,-14.2651,91.3,5.8163e-26
-3.01976,23.935,31.9507,5.72311e-26
-3.29215,28.7433,33.5681,1.35333e-25
-2.03098,3.66618,24.7543,0.185886
-2.14613,3.58342,24.4854,0.194617
-2.25203,3.34356,24.2984,0.196323
-2.13069,3.23388,24.3799,0.109713
-1.86095,3.12703,24.5615,0.264532
-1.83414,3.13446,24.5898,0.0253936
-1.78114,3.20024,24.8079,0.198383
-1.84917,3.27174,25,0.183577
-2.2702,10.7038,27.5,6.52099e-26
-1.73282,0.979451,34.7,0.0860078
4.80509,10.8209,93.8,1.69999e-25
50,15.8166,49.4965,2.70707e-25
17.5923,23.013,43,0.0489285
39.2149,19.467,38.7,7.72632e-26
42.5,18.3551,41.9886,3.04651e-26
18.1193,23.367,41.2,1.938e-26
21.4218,24.584,31.7,7.45188e-26
20.0226,24.6454,34.7,0.146533
30.3925,22.4531,29.8683,4.83305e-26
24.6216,24.4651,24.9028,0.106069
24.6977,24.4604,24.803,0.0788415
24.7569,24.4285,24.7114,0.0983859
24.7385,24.3963,24.5722,0.0953477
24.6647,24.3695,24.4174,0.126146
24.8462,24.3562,24.3764,0.148462
24.9298,24.3062,24.413,0.0673854
25,24.2783,24.4701,0.0714487
31.401,22.1117,30.8778,3.89979e-26
18.7049,23.7603,39.2,5.72803e-26
41.7122,18.6217,41.2,7.72632e-26
-9.61223,50,39.8967,1.60485e-25
-12.6896,41.6851,38.7,3.74001e-25
-11.9181,43.7696,39,2.23106e-26
-21.3654,15.3305,34.8147,0.0562357
-21.6228,15.3487,34.7786,0.0878704
-21.8603,15.43,34.7419,0.0669022
-22.0622,15.5355,34.7948,0.0906977
-22.2011,15.7013,34.8824,0.110473
-22.2288,15.879,34.9831,0.0623639
-22.2045,15.9764,35,0.0215192
-19.733,12.9956,43,0.0259698
-20.4788,14.0925,39.2,5.62405e-26
30.4393,50,40.7872,1.04902e-25
13.0479,13.0856,43,0.0336073
27.6099,42.5,36.8826,1.1353e-26
29.1442,46.5671,39,1.15461e-25
15.7526,15.2981,34.7,0.0942291
22.9611,30.1775,30.4673,3.08062e-26
18.9562,18.2976,24.7659,0.194795
18.9971,18.5843,24.6964,0.204659
18.9977,18.8705,24.6941,0.276296
19.0281,19.141,24.8214,0.248816
19.0123,19.3662,24.9379,0.243343
18.9909,19.581,24.9543,0.157735
18.9961,19.6588,24.9876,0.0641368
18.9993,19.676,25,0.0163982
23.2624,30.9761,30.883,2.58483e-26
14.2862,14.0985,39.2,6.08616e-26
-18.6694,-14.2862,43,0.0312345
-20.5485,-16.8007,34.7,0.125193
-24.2189,-20.5055,24.6383,0.25605
-24.3633,-20.2608,24.9283,0.255432
-24.518,-20.0434,25,0.203204
-37,-8.5874,26.551,1.58413e-26
-19.5297,-15.4374,39.2,6.12717e-26
-50,0.639914,18.9014,1.28117e-25
-21.3221,11.7634,35,2.90105e-26
-27.5651,9.37982,31.4653,3.36296e-26
-26.5323,9.78215,32.0436,1.62165e-25
-21.3566,11.7533,34.9264,0.0469612
-21.4253,11.737,34.8538,0.025277
-21.4768,11.7207,34.7815,0.0184117
-21.5583,11.6722,34.7551,0.0328551
-21.6456,11.665,34.7312,0.0421172
-21.7233,11.6444,34.7093,0.0308581
-21.7889,11.63,34.7,0.0236469
-28.7115,8.93322,30.8233,3.45813e-26
-36.4314,5.9258,26.5,6.10476e-26
-19.0297,13.5917,43,0.0321891
-20.1186,12.7233,39.2,5.8021e-26
5.68702,9.84157,93.8,1.51621e-25
18.9525,21.1974,43.0781,0.0139654
18.9527,21.213,43.0525,0.00744995
18.9515,21.222,43.0281,0.00865631
18.955,21.2285,43.0005,0.00804005
18.9552,21.2287,43,0.000136421
23.3289,42.5,37.2249,1.62213e-25
23.6894,50,38.1307,2.61285e-25
22.2841,24.0191,34.9787,0.00430053
22.307,24.0242,34.9688,0.00758146
22.3266,24.0268,34.9591,0.00744696
22.3534,24.0299,34.9583,0.0120033
22.3782,24.0331,34.9686,0.00936553
22.3978,24.0421,34.9722,0.00961106
22.4161,24.0493,34.9827,0.00551668
22.4301,24.0615,34.9919,0.00580879
22.4434,24.0787,35,0.0109567
22.2711,24.015,35,2.68078e-26
22.7415,30.2799,35.749,2.31468e-25
20.5303,22.5522,39.2,7.69085e-26
1.45844,14.8252,93.8,1.98793e-25
-50,4.0653,20.9869,8.59903e-28
0.524636,14.768,91.3,5.6798e-26
-29.3143,11.7022,30.9007,3.13284e-26
-27.6465,12.3179,31.7,1.34764e-25
-20.6888,14.6771,34.8583,0.0470767
-20.8463,14.7037,34.8438,0.0419035
-21.0159,14.7146,34.8141,0.0435286
-21.1728,14.6866,34.8055,0.0345005
-21.3156,14.6501,34.7413,0.0648612
-21.3868,14.6289,34.7,0.0214254
-30.3349,11.3254,30.4115,3.04788e-26
-37,8.86473,27.2173,3.14699e-26
-17.5165,13.6632,43,0.0601053
-18.9816,14.1288,39.2,5.74532e-26
13.1963,4.71136,93.8,1.91892e-25
-50,31.7588,43.5983,2.52508e-25
0.867416,0.97427,43,0.0345935
-37.319,21.5634,38.7,1.86774e-25
12.5895,4.52745,91.3,5.48263e-26
-18.1942,6.18732,31.3127,4.26615e-26
-30.329,15.9436,36,9.33869e-26
-26.9635,13.2377,34.7,2.80161e-25
-1.77562,-7.12799,24.9429,0.0516652
-1.78,-7.14097,24.8707,0.045584
-1.75175,-7.09203,24.8048,0.0649162
-1.71502,-6.99197,24.8032,0.0908986
-1.75357,-6.9691,24.9017,0.261934
-1.78908,-6.98887,24.9568,0.0479772
-1.83084,-6.97978,24.9912,0.040813
-1.85151,-6.95205,25,0.0302604
-10.6979,0.160323,28.4171,3.86308e-26
-16.767,5.03984,30.7614,3.84526e-26
-42.5,25.7289,40.7013,1.40199e-25
-1.05174,-2.65049,34.7095,0.0857099
-1.05203,-2.65547,34.7,0.00442256
-9.61783,-0.708014,27.9999,3.95108e-26
-1.28005,-4.02892,31.7,2.19299e-26
12.3096,12.1941,43,0.0430723
-50,24.9236,31.6018,1.94122e-25
-5.9819,17.7291,33.7725,2.70865e-26
-30.5109,21.7382,32.5629,2.62375e-26
6.38996,15.7069,34.3826,1.57882e-25
-11.1136,18.5678,33.5195,1.40946e-25
-29.5145,21.5753,32.612,1.42653e-25
12.8253,14.6551,34.7,0.10548
5.24297,15.8944,34.3261,3.03456e-26
-42.5,23.6978,31.9717,1.80256e-25
12.5457,13.3208,39.2,5.72475e-26
7.78889,9.46605,93.8,2.09712e-25
16.8082,20.0076,43,0.0379729
18.3303,22.1009,34.7,0.115841
19.4733,24.1033,24.4852,0.381996
19.54,24.4123,24.1183,0.322855
19.6456,24.9135,23.9826,0.387074
19.648,24.9334,23.9733,0.0152099
19.7072,24.9753,23.9364,0.611549
17.5051,20.966,39.2,6.05155e-26
-47.0352,4.52686,38.7,1.17499e-25
-30.7866,15.6906,28.7064,3.36466e-26
-19.7146,16.9174,34.7,0.107475
-24.2721,19.5855,24.9179,0.0691757
-24.3136,19.6643,24.8556,0.0774846
-24.3658,19.7417,24.8242,0.053431
-24.4379,19.8281,24.8377,0.154682
-24.5126,19.8716,24.888,0.0661178
-24.5851,19.8988,24.9305,0.0990957
-24.6858,19.8715,24.9758,0.0880077
-24.7602,19.831,25,0.0508098
-31.7152,15.0526,29.2776,3.32545e-26
-36.9546,11.4528,32.5,3.44913e-26
-18.8311,13.5611,43,0.0305402
-19.2356,15.0977,39.2,5.82628e-26
-51.1,1.73413,41.2,1.17499e-25
10.8153,-10.5155,93.8,2.07632e-25
9.74268,-10.991,91.3,5.93234e-26
-10.9803,-20.1773,43,0.0270841
-10.6164,-20.0159,43.8483,3.11951e-26
-15.9349,-22.2551,34.7,0.0991562
-20.5815,-24.3686,24.9103,0.0588978
-20.5972,-24.4363,24.8438,0.0837185
-20.6103,-24.5179,24.8092,0.0449276
-20.5961,-24.6054,24.7521,0.127179
-20.6877,-24.7205,24.7719,0.132506
-20.7887,-24.8092,24.7686,0.0544805
-20.8819,-24.816,24.7293,0.08934
-20.9856,-24.7861,24.7049,0.0772347
-21.0739,-24.7895,24.6386,0.173896
-21.1257,-24.7988,24.6321,0.0418364
-21.1328,-24.8,24.6354,0.134735
-13.2487,-21.1286,39.2,6.39391e-26
11.6681,1.92387,93.8,1.97757e-25
-0.442888,2.47941,43.0125,0.0240609
-0.443286,2.47913,43,0.00211261
3.61689,50,33.6178,2.09766e-25
0.208322,31.2509,30.4686,1.40923e-25
-5.72075,-1.40759,24.978,0.0212378
-5.72544,-1.3866,24.9696,0.0197583
-5.73455,-1.36526,24.9695,0.0124779
-5.73253,-1.33891,24.9772,0.018529
-5.72094,-1.32471,24.9897,0.017942
-5.71113,-1.30883,24.9995,0.0119254
-5.71074,-1.30738,25,0.000586125
-3.00483,13.5767,27.5,1.77774e-25
1.2535,37,31.4343,2.99665e-26
2.25339,42.5,32.3581,1.53092e-25
-0.819404,1.55916,34.9187,0.0242722
-0.847437,1.57005,34.8561,0.0200341
-0.880004,1.58237,34.774,0.0487544
-0.904007,1.5896,34.7056,0.0292691
-0.906588,1.58793,34.7,0.00144422
9.06377,-4.5124,93.8,1.97967e-25
-2.56186,-0.782493,43,0.0257421
-4.72882,3.24034,24.8347,0.12787
-4.77786,3.34761,24.68,0.13434
-4.77762,3.39578,24.5873,0.0726197
-4.76899,3.51599,24.4164,0.121934
-4.85867,3.70231,24.1752,0.20837
-5.20332,3.86846,24.2633,0.301883
-5.42601,4.09838,24.0064,0.517054
-5.4283,4.10458,24.0029,0.129977
-4.88987,4.88838,22.3932,0.0409203
-3.71656,0.652661,34.7,0.101492
-4.02069,1.42398,31.7,4.10351e-26
-14.6845,-18.2639,43.0101,0.0258342
-14.6902,-18.265,43,0.00261402
-19.1227,-19.3858,34.92,0.0276409
-19.1932,-19.4016,34.846,0.0257287
-19.3113,-19.4012,34.7796,0.0521657
-19.4225,-19.3804,34.7325,0.0281846
-19.5008,-19.3703,34.7,0.0393147
-31.0924,-18.5584,33.3899,2.73736e-26
-30.0498,-18.6314,33.5077,1.42549e-25
-42.5,-17.7595,32.1005,9.75346e-26
-16.7645,-18.7914,39.2,6.17936e-26
-11.9314,2.81235,93.8,1.89359e-25
-2.28859,0.366921,43,0.0375064
-6.40991,-50,32.349,1.86658e-25
-5.09435,-30.0994,33.2919,2.85129e-26
-3.08901,-0.247655,34.7825,0.0617492
-3.12975,-0.381015,34.7,0.0477815
-3.6889,-8.83921,34.2992,2.87639e-26
-3.6106,-7.65476,34.3554,1.45968e-25
23.4197,-28.6526,34.3333,1.14812e-25
25.868,-50,32.4868,1.89599e-25
16.6056,-20.3969,43,0.0289792
19.447,-21.9765,39.2,7.00907e-26
22.5875,-23.7224,35,2.073e-26
23.5465,-29.7579,34.2377,2.85028e-26
22.6913,-23.7886,34.9017,0.0587186
22.7981,-23.8816,34.8547,0.0428479
22.8986,-24.0387,34.8022,0.0539285
22.9021,-24.1389,34.7238,0.0271343
-42.7696,-8.20434,38.7,1.10205e-25
-18.5807,-12.9636,43,0.0312183
-20.6281,-16.5374,34.7,0.0932198
-30.9924,-16.0986,30.8315,3.45903e-26
-20.6274,-20.9771,24.7839,0.184377
-20.7254,-21.0749,24.586,0.18279
-20.9391,-21.1428,24.6283,0.131696
-21.1773,-21.1355,24.6076,0.225988
-21.4179,-21.097,24.6441,0.219504
-21.5634,-21.2928,24.5421,0.232063
-21.6562,-21.5624,24.5658,0.233041
-21.8194,-21.7495,24.6478,0.181258
-21.9445,-21.9144,24.7752,0.194821
-22.1617,-21.9398,24.9142,0.194236
-22.264,-21.9493,25,0.10606
-31.7928,-15.5621,31.3663,2.94669e-26
-19.5181,-14.5998,39.2,6.22854e-26
-46.5115,-5.69614,41.2,1.10205e-25
-4.00093,-12.2834,93.8,1.88879e-25
-2.44699,-50,41.7661,1.80514e-25
-7.03678,-42.5,37.9101,8.19322e-26
-5.73946,-44.6199,39,5.63897e-26
-4.36089,-12.344,91.3,4.51614e-26
-11.3153,-13.5132,43,0.0225551
-14.0408,-13.37,34.7,0.120004
-14.4528,-30.3817,31.6797,2.96876e-26
-22.5703,-17.2247,24.949,0.0382383
-22.6124,-17.2431,24.8717,0.0764747
-22.6284,-17.2502,24.7746,0.0647361
-22.6487,-17.3416,24.6752,0.10426
-22.6534,-17.3567,24.8308,0.169626
-22.5917,-17.3525,24.8983,0.0618789
-22.5281,-17.3625,24.9479,0.07959
-22.4621,-17.3671,24.9919,0.155987
-22.4036,-17.3896,25,0.0555059
-24.7139,-15.317,21.4907,0.00812384
-24.0558,-16.665,21.2123,0.0332195
-23.9106,-16.7789,21.3077,0.0395393
-13.8432,-31.3779,32.1919,3.00494e-26
-12.5631,-13.4477,39.2,5.61916e-26
-48.0827,-14.2666,38.7,1.07392e-25
-18.8525,-18.0138,43,0.0465355
-20.8344,-20.5793,34.7,0.143899
-24.0924,-24.3308,24.6395,0.453254
-24.4303,-24.5046,24.2506,0.473867
-24.7482,-24.4859,23.8273,0.433869
-24.9162,-24.2396,23.4346,0.358131
-25,-24.1483,23.4605,0.163922
-31.6269,-21.3114,27.8356,7.17189e-26
-37,-19.0111,31.3831,3.54507e-26
-38.6918,-18.2869,32.5,5.3696e-26
-19.7599,-19.1884,39.2,6.17715e-26
-51.8694,-12.6455,41.2,1.07392e-25
-7.54549,-6.51807,93.8,3.12304e-27
49.5778,-50,37.4173,4.02326e-25
-11.6079,-12.5362,43,0.0306437
-14.0869,-12.8615,34.7,0.0844529
-5.35675,-20.571,27.5497,8.51304e-27
5.77442,-26.5341,29.5491,5.15471e-26
-19.7083,-12.4623,24.9456,0.0403404
-19.7457,-12.5065,24.8894,0.0615066
-19.7718,-12.5716,24.8434,0.0520699
-19.7795,-12.6592,24.8426,0.0555745
-19.7787,-12.756,24.8755,0.0534255
-19.808,-12.8233,24.9049,0.0585795
-19.7691,-12.8744,24.943,0.0420488
-19.6988,-12.9224,24.9531,0.167066
-19.6369,-12.9524,24.9769,0.0893454
-19.5684,-12.9631,24.9974,0.0813234
-19.551,-12.967,25,0.00744448
-5.63323,-20.4229,27.5,2.18239e-26
-4.30534,-21.1342,27.7385,2.95247e-26
15.5883,-31.7915,31.3119,2.19935e-25
-12.7429,-12.6851,39.2,5.55639e-26
4.08675,-25.63,29.246,6.10366e-26
8.18095,-27.8233,29.9814,7.40973e-26
32.7627,-50,49.1707,2.71727e-25
28.1644,-38.8327,38.7,8.28018e-26
15.7623,-20.4714,43,0.0355343
29.6745,-42.5,42.1386,3.8857e-26
21.8828,-24.0413,24.9655,0.0308584
21.9234,-24.1034,24.7718,0.153331
22.0583,-24.1468,24.6033,0.221822
22.1019,-24.1604,24.8215,0.225003
22.148,-24.2211,25,0.207914
22.209,-24.1679,24.1339,0.050303
22.209,-24.1675,24.1323,0.0520739
24.6578,-30.3164,30.715,3.50616e-26
16.6147,-21.419,39.2,5.84e-26
29.2623,-41.499,41.2,8.28018e-26
24.2859,-29.4131,29.8681,3.69058e-26
17.6241,-22.5411,34.7,0.0953266
-10.4648,18.4612,35,3.0593e-26
-10.3953,20.4628,31.7,9.68009e-26
-10.4174,18.5084,34.9046,0.0288396
-10.3689,18.5212,34.778,0.0510847
-10.3214,18.5423,34.7,0.02761
-10.5614,24.7607,24.9626,0.0260051
-10.5632,24.7789,24.9368,0.0274953
-10.5614,24.8082,24.9283,0.0163022
-10.5585,24.8306,24.941,0.0157592
-10.5527,24.8374,24.9478,0.167714
-12.4686,14.6418,43,0.0205057
-11.5168,16.456,39.2,6.1186e-26
-11.3829,1.50558,93.8,2.09628e-25
-17.2847,-10.6475,43,0.0245739
-17.5389,-13.0115,34.7,0.0776756
-18.2502,-15.1762,24.4838,0.420519
-18.4443,-15.2765,24.1646,0.254683
-18.4446,-15.2755,24.1626,0.0625561
-17.401,-11.7298,39.2,6.01906e-26
14.0725,16.3297,100.8,2.61097e-25
9.51175,11.9235,93.3,7.45991e-26
-20.9169,-18.3787,43.0376,0.0246382
-20.9625,-18.4139,43,0.0197374
-21.0537,-17.5814,43.0506,0.0156598
-21.0147,-17.5688,43.1,0.0228465
-24.2918,-21.9093,34.9237,0.0230516
-24.2998,-21.9002,34.8329,0.024205
-24.2895,-21.8632,34.8918,0.0475313
-24.2613,-21.821,34.9521,0.0183481
-24.2458,-21.7959,35,0.0174093
-24.2703,-21.8914,35,2.72077e-26
-23.9759,-21.4379,35.6826,2.30418e-26
-22.5337,-20.0657,39.2,6.4216e-26
-21.7946,-18.5445,41.2,6.75072e-26
-10.6377,-4.22994,93.8,2.08932e-25
-14.6381,-18.065,43,0.0323956
-15.7107,-20.2081,34.7,0.0973386
-17.4802,-22.8369,24.5294,0.478148
-17.5618,-22.8683,24.117,0.394217
-17.6429,-22.9088,23.8785,0.209197
-17.9605,-22.8106,23.4254,0.391142
-17.9544,-22.7801,23.386,0.44208
-17.65,-22.908,23.853,0.050303
-17.6499,-22.908,23.8529,0.0110654
-15.1292,-19.0462,39.2,5.97504e-26
11.9824,-2.37447,93.8,1.99319e-25
28.4048,50,41.2107,1.12892e-25
17.1475,15.6477,43,0.0236154
27.4201,42.5,36.8862,9.9611e-27
27.9014,46.1659,39,9.76355e-26
19.0761,18.8868,34.7,0.0846864
25.6099,28.712,28.9362,3.3766e-26
24.8218,21.4545,24.9389,0.0501361
24.8395,21.5238,24.8838,0.0498567
24.8406,21.592,24.8465,0.0401035
24.7608,21.6392,24.8587,0.0566377
24.708,21.7024,24.8918,0.124851
24.6924,21.7791,24.9348,0.0725287
24.7081,21.8463,24.9746,0.0530335
24.7136,21.8855,25,0.0335206
25.7363,29.6749,29.4914,2.96943e-26
26.4213,34.8929,32.5,2.55027e-26
18.0304,17.1307,39.2,5.86558e-26
11.8713,20.7529,43,0.0318679
-50,22.4969,31.114,2.04768e-25
-4.99905,23.5514,33.4702,1.0094e-25
-30.1234,22.9627,32.1547,3.2474e-26
7.62047,23.8471,34.131,2.05112e-25
-13.4788,23.3527,33.0262,1.81261e-25
-28.9593,22.9899,32.2157,1.80733e-25
17.837,24.1402,34.9127,0.0425288
17.9385,24.1735,34.8486,0.0329549
18.0901,24.2201,34.8222,0.054135
18.2258,24.2121,34.798,0.0311708
18.3573,24.2202,34.7686,0.0368733
18.4707,24.1998,34.776,0.0408491
18.5829,24.1916,34.7795,0.0366663
18.7096,24.2256,34.7816,0.0290711
18.8454,24.2129,34.7702,0.119808
18.7324,24.1679,34.7375,0.0496018
18.5992,24.1306,34.7461,0.0424315
18.4876,24.1018,34.7,0.0450613
6.42255,23.8191,34.0683,3.33524e-26
-7.14644,23.5011,33.3578,6.25623e-26
-31.1079,22.9396,32.1032,2.87979e-26
-42.5,22.6726,31.5067,1.90142e-25
14.6612,22.3333,39.2,7.00805e-26
-0.441902,-0.321183,43,0.0223654
-2.79379,0.26165,24.2849,0.602544
-3.1094,0.708834,23.7013,0.566953
-3.17992,1.21425,23.2164,0.593573
-3.18305,1.32678,23.1736,0.799341
-1.16291,-0.347339,34.7,0.0939241
6.28511,-50,31.5266,2.58861e-25
-16.1545,-19.7935,43,0.0223584
-19.0813,-22.4457,34.8771,0.0608451
-19.1218,-22.5247,34.7749,0.0311742
-19.0436,-22.5893,34.7,0.0323055
-12.5244,-29.6444,33.8832,2.76016e-26
-13.2508,-28.8582,33.9742,1.5355e-25
-0.645227,-42.5,32.3949,3.35664e-26
-17.5124,-21.0204,39.2,5.95548e-26
-50,-23.0338,39.7138,5.79064e-26
-2.81279,1.1206,43,0.0349506
-42.5,-19.2304,37.1377,4.12977e-26
-47.9218,-21.9799,39,1.26511e-25
-16.4275,-6.00819,28.1826,4.34646e-26
-30.1423,-12.9634,32.8932,4.61634e-26
-28.6473,-12.2052,32.3797,6.41253e-26
-7.12745,-1.32155,24.9478,0.040257
-7.14498,-1.34976,24.923,0.0156552
-7.14831,-1.37781,24.8821,0.0268531
-7.12793,-1.38684,24.8193,0.0471309
-7.0903,-1.31074,24.8736,0.126683
-7.1151,-1.30396,24.9384,0.0554782
-7.14271,-1.30213,24.9814,0.0331459
-7.16169,-1.30922,25,0.0193621
-15.0861,-5.32795,27.7218,1.1527e-25
-4.37982,-0.77998,34.8785,0.0369549
-4.38395,-0.781508,34.8611,0.00341736
-4.33608,-0.76143,35,2.78975e-26
-5.26441,-0.952545,31.7,8.33996e-26
0.387768,-15.1079,93.8,2.09138e-25
-0.388885,-14.9157,91.3,5.97537e-26
-15.3938,-11.2033,43,0.0389675
-17.3688,-10.5334,34.7,0.0803713
-17.2974,-10.5576,35,2.93222e-26
-18.4351,-9.85425,31.7,9.24666e-26
-20.9148,-8.32868,24.7937,0.146827
-20.9474,-8.24656,24.4438,0.32086
-20.8848,-8.22008,24.053,0.285913
-20.8588,-8.22667,24.0261,0.0215386
-20.5227,-8.58233,23.8637,0.393722
-20.3417,-9.10738,23.8637,0.467911
-20.3617,-9.31505,23.8019,0.182595
-20.3431,-9.32444,23.8035,0.248507
-14.1698,-12.4466,20.7911,0.18022
-16.298,-10.8966,39.2,5.86444e-26
5.52017,9.70246,93.8,2.10416e-25
50,-37.5565,41.1903,1.34597e-25
42.5,-34.2527,37.2589,3.59862e-26
45.8216,-35.7159,39,9.524e-26
14.1286,-15.3831,43,0.0403161
19.1666,-23.7639,24.9595,0.0230313
19.1977,-23.7723,24.9393,0.0346576
19.2299,-23.792,24.9144,0.0443784
19.2373,-23.8359,24.8944,0.0336921
19.1997,-23.876,24.8939,0.0388084
19.156,-23.8995,24.9267,0.05537
19.1316,-23.9247,24.9479,0.0642728
19.1185,-23.9427,24.986,0.0354091
19.1136,-23.9508,25,0.0149319
27.964,-27.8495,29.6393,3.28284e-26
33.4215,-30.2535,32.5,7.72385e-26
15.6493,-17.9338,39.2,6.77166e-26
26.9725,-27.4127,29.1196,3.28105e-26
17.3809,-20.8614,34.8963,0.0529039
17.3623,-20.9835,34.7929,0.0478721
17.35,-21.0172,34.7,0.0304073
-16.3012,21.2425,34.7,0.0927787
-17.6979,24.7394,24.6071,0.263808
-17.5598,24.6994,24.2538,0.351997
-17.5411,24.6967,24.241,0.0328107
-17.5024,24.6875,24.2287,0.389775
-15.1698,18.9192,43,0.0285781
-15.6878,19.9828,39.2,5.9578e-26
8.50833,-5.19344,96.3391,1.28319e-25
5.6698,10.3393,100.8,1.13779e-25
-5.54604,-17.4298,38.7,5.93232e-26
-10.4647,-15.4911,43,0.0278797
-4.24565,-14.2102,45.9,1.29112e-25
-14.6875,-18.2155,34.7,0.0914857
-6.03368,-18.6372,36,2.96616e-26
-6.26848,-19.2185,34.7,8.89848e-26
-8.41481,-23.7376,24.9401,0.0589197
-8.38863,-23.7517,24.8543,0.0530454
-8.35626,-23.7547,24.7957,0.0440055
-8.2795,-23.7976,24.7156,0.101477
-8.15929,-23.7694,24.6658,0.0898175
-8.00294,-23.7201,24.7175,0.12047
-7.97384,-23.608,24.8325,0.169258
-8.01275,-23.5757,24.9077,0.0638278
-8.02101,-23.5639,24.984,0.0587203
-8.02039,-23.556,25,0.0153925
-12.398,-16.7384,39.2,6.23158e-26
-5.09452,-16.3119,41.2,5.93232e-26
-14.4403,-13.088,43,0.0281146
-16.5882,-15.105,34.7,0.111664
-19.9814,-18.4692,24.6066,0.374327
-20.0051,-18.4938,24.5645,0.0513084
-20.4031,-18.5811,24.3589,0.376455
-20.711,-18.5928,24.6596,0.433939
-20.8943,-18.4945,24.9309,0.37939
-20.9888,-18.5953,25,0.149201
-21.0226,-18.5941,24.9749,0.0260441
-21.0558,-18.5761,24.9556,0.0243555
-21.0786,-18.5707,24.921,0.0407527
-21.0698,-18.5689,24.8775,0.0291825
-21.0898,-18.5629,24.8185,0.0516484
-21.1535,-18.5173,24.8398,0.0621735
-21.2098,-18.4955,24.9035,0.0894802
-21.2478,-18.5097,24.937,0.0373352
-21.2818,-18.5177,24.9515,0.0337335
-21.2886,-18.5423,24.9228,0.0382067
-21.2624,-18.5693,24.9285,0.0233913
-21.2528,-18.6084,24.9332,0.0240887
-21.2539,-18.6402,24.9051,0.0302881
-21.2244,-18.677,24.9011,0.1152
-21.208,-18.7244,24.9154,0.034359
-21.1988,-18.7237,24.9517,0.0263027
-21.2171,-18.701,24.9251,0.0384087
-21.2502,-18.7072,24.9256,0.0236726
-21.281,-18.6984,24.9385,0.0464561
-21.2955,-18.6663,24.9268,0.173946
-21.2995,-18.6617,24.923,0.126338
-15.4237,-14.0115,39.2,6.11826e-26
-12.6706,-0.758838,93.8,2.03524e-25
-16.5694,-13.2818,43,0.0388646
-17.9463,-15.0154,34.7,0.14813
-19.3687,-16.3208,24.8192,0.110745
-19.52,-16.2257,24.6629,0.185743
-19.5928,-16.0113,24.7296,0.246587
-19.6367,-15.9223,24.5129,0.205268
-19.6263,-15.8765,24.4852,0.467359
-17.1998,-14.0755,39.2,5.82338e-26
-15.1008,23.9586,41.2,2.16168e-26
-16.5657,36.7344,36.7,1.61165e-25
-18.0867,50,32.0275,1.98683e-25
-12.454,18.7929,34.7597,0.279747
-12.4511,18.7797,34.7,0.0158751
-13.6328,15.2275,24.9558,0.0291222
-13.6311,15.1943,24.9044,0.0543091
-13.6235,15.1487,24.8811,0.0311219
-13.6163,15.0875,24.8532,0.0515134
-13.5598,15.0566,24.7866,0.0746184
-13.5524,14.9844,24.673,0.0930087
-13.6008,14.9615,24.6316,0.0823022
-13.6148,14.817,24.6311,0.148902
-13.5658,14.7759,24.6026,0.552551
-14.5009,18.8253,43.0273,0.029883
-14.4959,18.8233,43,0.0122128
-14.5149,18.8482,43,0.00963701
-13.5351,18.8235,39.2,5.47621e-26
-15.7519,29.6367,39.2,1.61165e-25
50,-18.1809,42.4773,3.43765e-25
7.38277,-16.2788,38.0361,6.29648e-25
-18.9157,-17.4006,43.0811,0.0096267
-18.926,-17.4058,43.0664,0.00861422
-18.9368,-17.4133,43.0545,0.00571882
-18.9531,-17.4335,43.0398,0.0154467
-18.9658,-17.4511,43.0322,0.0317352
-18.9767,-17.4616,43.0148,0.00900247
-18.9855,-17.4699,43,0.0363703
42.5,-17.8462,41.6957,2.33595e-25
-21.8113,-14.9569,34.9906,0.00301644
-21.8029,-14.9613,34.9909,0.00233076
-21.7968,-14.9672,34.9899,0.00294387
-21.7919,-14.9755,34.9897,0.00725275
-21.7877,-14.9822,34.9903,0.00306854
-21.7807,-14.9889,34.9923,0.00204678
-21.7719,-14.9845,34.9973,0.0042636
-21.7667,-14.9814,35,0.00251185
-21.7591,-14.9797,34.9987,0.00445422
-21.752,-14.9785,35,0.00395452
-21.7518,-14.9785,35,0.00011894
-20.3271,-16.2772,39.2,9.68291e-26
37.7434,-17.6339,41.2,9.42506e-25
50,-39.452,43.4138,2.03768e-25
32.9057,-35.7877,38.7,2.11129e-25
37.519,-36.7766,39.9721,1.32182e-25
-11.7816,-20.4562,43,0.107977
42.5,-37.8443,41.3457,1.53754e-26
-13.6089,-22.602,34.7,0.0793794
2.64881,-29.302,30.3565,1.13765e-25
-17.5555,-24.2644,24.7865,0.164502
-17.6626,-24.3862,24.6043,0.170832
-17.624,-24.6097,24.6421,0.145595
-17.5249,-24.8381,24.7063,0.15128
-17.4209,-25,24.8222,0.182989
-7.35902,-27.1568,27.5969,7.295e-26
-12.6182,-21.4386,39.2,5.90256e-26
41.9718,-37.7311,41.2,1.29619e-25
5.88198,-29.9951,31.2481,2.1403e-26
-9.87717,-8.09713,93.8,2.21948e-25
-17.5949,19.1821,34.7,0.123292
-19.8274,23.9037,24.6138,0.316901
-19.7881,23.9016,24.4034,0.126182
-19.766,23.8963,24.3157,0.0524308
-19.7292,23.9169,24.1738,0.920802
-16.6308,15.4956,43,0.0573843
-17.0722,17.1834,39.2,6.27767e-26
19.4118,-50,41.0503,1.0518e-25
19.8703,-46.7056,39,1.24374e-25
15.2486,-19.9542,43,0.0300858
22.9692,-23.9108,24.9491,0.0385986
22.9543,-23.9132,24.9082,0.0299378
22.9164,-23.9351,24.8741,0.0304549
22.8926,-23.9935,24.881,0.036855
22.9216,-24.0432,24.8924,0.0472607
22.9578,-24.075,24.9242,0.0408642
22.9818,-24.1046,24.9301,0.029377
22.9908,-24.1285,24.9507,0.0168817
22.9666,-24.1605,24.9562,0.0270377
22.9818,-24.1782,24.9887,0.0383126
23.0012,-24.2081,24.9989,0.0328308
23.0011,-24.2102,25,0.00132662
21.9966,-31.4277,29.4918,3.62471e-26
21.3239,-36.2613,32.5,8.77002e-27
16.874,-21.6362,39.2,6.28564e-26
22.1469,-30.3478,28.8197,3.74352e-26
18.7105,-23.5236,34.875,0.034913
18.7491,-23.5841,34.7715,0.0370332
18.7772,-23.6182,34.7,0.0261799
14.9692,13.8583,43,0.0279185
17.9275,15.066,34.7,0.0892381
19.9801,17.1152,24.657,0.253028
19.9437,17.2512,24.0781,0.458898
19.8893,17.2159,23.5824,0.321317
19.8984,17.222,23.4175,0.10586
19.8496,17.2842,23.0978,1.60112
20.8677,18.0267,21.5479,0.050303
20.8617,18.0437,21.507,0.408618
16.3236,14.4112,39.2,6.21332e-26
2.04457,11.4043,93.8,2.14159e-25
20.5461,21.5121,43.0512,0.015465
20.5515,21.5169,43,0.0261274
-43.9486,13.2568,38.7,1.71032e-25
-30.3231,13.961,33.5873,3.44452e-26
-29.1977,14.0192,33.1651,1.25286e-25
20.1182,21.1935,34.9428,0.0155148
20.1089,21.1958,34.8826,0.0181401
20.0918,21.1767,34.8169,0.0240039
20.0587,21.1484,34.7739,0.0202736
20.0179,21.1339,34.7386,0.0138299
19.9693,21.1205,34.7128,0.0143344
19.9391,21.1012,34.7,0.0116439
5.07067,17.8637,29.428,3.29604e-26
-7.43448,15.1441,24.9986,0.0171512
-7.43747,15.1439,25,0.00179283
4.00309,17.6312,29.0495,3.1721e-26
-3.18722,16.0656,26.5,9.08792e-26
20.3496,21.3596,39.2,5.72317e-26
-50.6112,12.9124,41.2,1.71032e-25
7.89116,-16.7515,31.7,8.51575e-26
7.22558,-15.9014,36.7,5.67717e-26
12.7677,-13.9837,43.1,0.0427989
6.13404,-14.5072,44.9,2.83858e-26
6.62656,-15.1363,41.2,1.05028e-25
8.81008,-17.8702,24.7728,0.171442
8.82216,-17.7869,24.5444,0.181877
8.8957,-17.6692,24.3162,0.218818
9.24271,-17.7415,24.1798,0.292821
9.56517,-17.6706,24.6143,0.384216
9.62281,-17.6617,24.8373,0.168676
9.68786,-17.6765,25,0.171003
6.8928,-15.4763,39.2,5.67717e-26
12.8378,-14.7039,41.2,5.74454e-26
7.45188,-16.1904,35,2.83858e-26
13.0667,-17.0542,35,0.0841952
19.2382,12.2415,43,0.040846
20.6711,15.5078,34.7,0.0980377
22.6787,20.9097,24.5163,0.538345
22.7265,21.1643,24.2815,0.244354
22.748,21.2374,24.1923,0.78545
19.8942,13.7369,39.2,6.31738e-26
4.56527,10.148,93.8,1.91857e-25
-0.612269,-0.308797,43,0.0218557
-52.6333,12.1115,38.7,2.04253e-25
-32.3689,3.94181,32.8094,1.74122e-25
-5.31378,-6.86166,24.9365,0.0700289
-5.38477,-6.90828,24.9377,0.0599623
-5.43495,-6.88935,24.9662,0.045568
-5.50391,-6.88897,25,0.0543188
-14.1042,-3.42173,27.5,1.02126e-25
-55.5,13.2673,39.5333,3.40411e-26
-1.47019,-2.40621,34.7,0.0946274
-2.64312,-3.77206,31.7,3.71136e-26
13.6418,-18.1984,43,0.0320317
10.3076,-18.9125,24.9314,0.0543152
10.2627,-18.9105,24.8901,0.0715761
10.209,-18.9229,24.8593,0.0585285
10.1259,-18.925,24.894,0.0503157
10.0556,-18.9066,24.9002,0.0447826
9.99256,-18.8973,24.88,0.13727
9.93915,-18.9159,24.8552,0.0559341
9.91091,-18.9687,24.8069,0.0726861
9.86523,-18.9606,24.7629,0.0418625
9.85932,-18.9614,24.7626,0.113221
13.107,-19.3136,39.2,5.58376e-26
12.4857,-20.5659,34.7596,0.074342
12.4657,-20.5514,34.7,0.0183549
1.02356,-11.8219,93.8,2.15059e-25
-16.7209,-15.5293,43,0.0187795
-19.7678,-16.3388,34.7,0.238693
-23.427,-18.2033,24.6137,0.406927
-23.6723,-18.1949,24.2546,0.289981
-24.1017,-17.9786,23.8112,0.497811
-24.5701,-17.6278,23.654,0.407696
-24.9607,-17.2851,23.5026,0.476357
-25,-17.2564,23.5057,0.0395055
-18.1158,-15.8999,39.2,6.18899e-26
9.99341,-4.93289,93.8,2.14243e-25
-50,-14.7503,17.4194,2.02783e-25
-14.419,-18.5264,43,0.0256994
-18.6049,-22.0792,34.7,0.100435
-31.0383,-19.1767,27.8564,3.21972e-26
-33.5025,-18.6015,26.5,7.68157e-26
-16.3354,-20.153,39.2,6.4276e-26
-16.3458,-11.7164,43,0.0437105
-18.7599,-13.7055,34.7,0.0938125
-23.0438,-17.9308,24.8713,0.126919
-23.1166,-18.0793,24.8444,0.115263
-23.2161,-18.2243,24.794,0.124767
-23.3683,-18.3377,24.7958,0.124401
-23.4288,-18.2341,24.9491,0.144151
-23.4909,-18.1855,25,0.064247
-30.801,-11.8165,27.5,6.0837e-26
-37,-6.41558,29.62,3.6513e-26
-42.5,-1.62367,31.501,1.04063e-28
-17.451,-12.6271,39.2,5.9057e-26
-7.81218,6.16802,97.6186,8.7653e-26
50,9.08178,39.7028,4.53623e-26
1.7636,3.04535,43.0004,0.0518562
48.2487,8.95872,39,1.58501e-25
23.9278,7.24971,29.2398,2.17353e-26
29.2271,7.62208,31.3665,7.62175e-26
26.6814,7.4432,30.3449,8.23322e-26
13.3269,6.50208,24.9903,0.0244483
13.361,6.50713,24.9992,0.0278761
13.3628,6.50731,25,0.00181831
9.34677,5.18392,28.3537,3.53022e-26
11.5327,5.90739,26.5,4.41534e-26
1.73926,2.66382,34.9107,0.0358416
1.78213,2.67841,34.8347,0.0374119
1.82801,2.69028,34.7559,0.0204257
1.8631,2.70709,34.7,0.0294784
8.40394,4.87188,29.1533,3.67211e-26
5.40077,3.87793,31.7,9.96619e-26
1.86377,9.81644,100.182,1.94393e-26
-53.3044,-15.6925,38.7,1.435e-25
-14.5275,-14.6462,43,0.0288537
-17.9792,-17.9937,34.7,0.133601
-30.9278,-20.2555,29.3469,3.18401e-26
-20.5716,-21.8813,24.8041,0.198182
-20.5924,-22.0335,24.6338,0.156563
-20.5714,-22.3019,24.5661,0.181347
-20.5459,-22.3541,24.8238,0.230705
-20.5283,-22.3762,25,0.115795
-31.8571,-20.066,29.7353,2.78706e-26
-38.4714,-18.7172,32.5,7.41191e-26
-16.1078,-16.1788,39.2,6.4569e-26
-55.5,-15.2447,39.6177,2.99716e-26
-50,-41.4063,32.6117,2.23152e-25
-14.7709,-18.7833,43.0131,0.0235736
-14.7746,-18.7885,43,0.00290599
-18.1453,-22.6753,34.9382,0.0279248
-18.2199,-22.7239,34.8912,0.023857
-18.2866,-22.748,34.8244,0.0239634
-18.332,-22.7889,34.7464,0.0352366
-18.3838,-22.817,34.7,0.0210866
-26.6865,-27.6987,34.1516,2.95679e-26
-25.714,-27.1269,34.2158,1.57858e-25
-37.5003,-34.0569,33.4373,5.97484e-26
-16.3593,-20.6137,39.2,6.41242e-26
29.1304,-22.354,33.4357,1.9316e-25
50,-18.8553,30.6547,1.9125e-25
16.9413,-20.8781,43,0.0340959
42.5,-20.1126,31.6541,1.73431e-25
17.9303,-22.333,39.2,5.85151e-26
30.3469,-22.1501,33.2736,3.16731e-26
19.1349,-24.0243,34.7904,0.116997
19.3396,-24.1267,34.7672,0.0749854
19.4859,-23.9817,34.7501,0.0913549
19.6427,-23.9446,34.7,0.0453077
9.53977,-8.01831,93.8,2.19019e-25
-12.0616,-19.0433,43,0.0289082
-14.6632,-19.6512,34.7943,0.0713776
-14.7257,-19.6258,34.7,0.0285124
-20.2672,-17.2964,24.9663,0.0320626
-20.2775,-17.2632,24.9353,0.031829
-20.2825,-17.2343,24.9059,0.0342406
-20.2855,-17.2277,24.8452,0.0632405
-20.2727,-17.2846,24.788,0.052529
-20.3325,-17.381,24.7547,0.0888108
-20.4191,-17.311,24.7584,0.103516
-20.4025,-17.1852,24.7318,0.103315
-20.4345,-17.1228,24.6327,0.188592
-20.4224,-17.1214,24.5956,0.37362
-20.2796,-17.2285,24.8913,0.050303
-20.2771,-17.2265,24.8895,0.0843361
-13.265,-19.3322,39.2,5.93628e-26
-14.3452,5.81017,93.8,1.94795e-25
-3.02033,1.77871,43,0.0371766
24.026,50,31.5859,2.15654e-25
-13.7879,5.61177,91.3,5.56557e-26
13.6356,29.1961,33.079,4.37575e-25
6.50607,14.9212,34.1035,4.04511e-26
14.3083,30.543,32.9823,3.95087e-26
20.2802,42.5,32.1241,1.61339e-25
1.09516,4.19824,34.9298,0.0178114
1.14985,4.26655,34.8903,0.0275224
1.2028,4.33347,34.8702,0.0261619
1.25357,4.40541,34.8585,0.028009
1.25578,4.40894,34.858,0.00163458
1.06321,4.16225,35,1.74814e-26
3.581,9.06456,34.5238,2.74151e-26
3.09208,8.08562,34.5941,4.5464e-26
15.6897,13.7469,43,0.0291538
50,-1.75565,30.3826,2.06633e-25
26.0627,9.15266,33.584,1.6367e-25
17.6446,13.0157,34.8069,0.0800532
17.7187,12.9551,34.7,0.0288404
28.0908,8.22846,33.3128,5.8149e-26
41.645,2.05177,31.5,1.66634e-25
16.5861,13.3899,39.2,5.48832e-26
-20.389,16.719,34.7,0.080847
-18.8708,19.7503,24.8841,0.104137
-18.906,19.7267,24.7642,0.084252
-18.9031,19.7082,24.6336,0.100165
-18.839,19.6018,24.524,0.132322
-18.865,19.4855,24.6546,0.18221
-18.8695,19.4636,24.6535,0.259649
-18.7915,14.4771,43,0.0262972
-19.5229,15.5035,39.2,5.73859e-26
17.381,-15.3858,43,0.0666357
22.1107,-20.1131,24.7845,0.150753
22.0961,-20.1148,24.5494,0.188446
22.1213,-20.1534,24.3058,0.15939
22.2225,-20.408,24.062,0.296575
22.2403,-20.7559,24.0352,0.22353
22.1005,-21.176,24.1854,0.372789
22.1082,-21.2055,24.1862,0.317287
22.1556,-21.1057,24.0345,0.0072427
22.156,-21.1075,24.0346,0.0546626
18.4019,-15.8417,39.2,5.81324e-26
19.6109,-16.3816,34.7,0.111744
10.6529,-13.4663,43,0.0266114
10.4789,-13.2185,43.6545,3.81196e-26
15.3754,-19.1978,24.772,0.163265
15.3804,-19.2374,24.5255,0.161154
15.5299,-19.2893,24.3024,0.193063
15.8504,-19.5183,24.0722,0.349928
16.0168,-19.4313,23.6179,0.463185
16.0276,-19.4101,23.6041,0.296605
11.8939,-14.8876,39.2,6.19965e-26
13.3634,-16.5708,34.7,0.106228
-12.3507,-17.7656,43,0.0217383
-13.6774,-18.9522,34.7,0.0917763
-16.4808,-23.1977,24.8193,0.178062
-16.463,-23.2623,24.6361,0.123547
-16.4825,-23.3101,24.5614,0.055773
-16.6553,-23.3921,24.3566,0.199326
-16.6533,-23.3897,24.335,0.0189087
-16.6358,-23.3827,24.2098,0.827461
-16.7968,-24.0574,24.6211,0.050303
-16.7953,-24.057,24.6208,0.0496799
-12.9581,-18.3088,39.2,5.61033e-26
24.9374,-50,35.3058,1.88982e-25
11.9087,-14.1793,43,0.0319948
15.7496,-19.1316,39.2,1.02673e-25
19.9947,-24.6052,35,1.1673e-27
21.356,-30.5597,34.9172,2.64507e-26
20.1675,-24.8329,34.8969,0.0941768
20.3125,-25.1525,34.8568,0.116048
20.4243,-25.5029,34.8159,0.111737
20.4251,-25.5069,34.8162,0.000570834
-1.09905,-14.792,93.8,1.92424e-25
-2.53623,-2.39232,43,0.0274904
-15.324,50,36.1489,2.02332e-25
-1.16977,-14.1818,91.3,5.49783e-26
-6.29207,23.7776,29.426,9.40342e-26
-7.95605,28.6086,30.6646,5.60824e-26
-7.28335,26.6556,30.1639,8.25141e-26
-0.18201,6.32909,24.9366,0.0872205
-0.217489,6.39935,24.9178,0.0645402
-0.273498,6.45125,24.9138,0.0358388
-0.32187,6.48416,24.9713,0.0596671
-0.345861,6.51391,25,0.0385392
-3.70453,16.2651,27.5,1.12742e-25
-5.17153,20.5243,28.592,9.64945e-26
-1.77183,1.81214,34.7,0.0975068
9.55745,-13.4365,31.7,8.48293e-26
8.83514,-12.3335,36.7,5.65529e-26
12.2636,-16.8713,43.0792,0.0229677
12.2615,-16.8643,43.1,0.0103548
7.65054,-10.5246,44.9,2.82764e-26
8.18505,-11.3408,41.2,1.04623e-25
10.5329,-14.9125,24.8479,0.139643
10.5203,-14.867,24.7013,0.0942433
10.4684,-14.7704,24.5609,0.273327
10.3399,-14.597,24.4665,0.311043
10.4208,-14.3487,24.6465,0.222543
10.4447,-14.3969,24.8743,0.147165
10.5169,-14.4395,24.9902,0.1284
10.5181,-14.4454,25,0.005823
8.47398,-11.782,39.2,5.65529e-26
12.2765,-17.2524,41.2,5.53708e-26
9.08072,-12.7085,35,2.82764e-26
12.3536,-18.4753,34.9832,0.125753
12.3552,-18.4752,35,0.00867948
-10.8274,2.18333,93.8,2.05017e-25
-1.29079,-17.6588,13.6984,0.0261195
-13.9024,-10.7912,43,0.0333293
-13.8938,-12.4392,34.7,0.0755518
-13.8941,-12.3797,35,2.88662e-26
-13.8805,-12.4588,34.6458,1.67167e-27
-11.4147,-15.9853,24.7152,0.208432
-11.3752,-15.9832,24.657,0.0454794
-11.322,-15.9972,24.5914,0.0536632
-11.321,-16.1888,24.3634,0.2673
-11.3369,-16.2193,24.2267,0.89031
-10.6375,-16.197,23.5493,0.0083498
-10.6384,-16.1929,23.5478,0.0942199
-13.8984,-11.5457,39.2,5.77324e-26
-8.70172,9.59904,93.8,2.17653e-25
50,19.0539,44.1949,2.20913e-25
16.2596,21.6621,43,0.0411691
42.5,20.5047,38.2526,6.7319e-26
43.4433,20.3222,39,1.52305e-26
18.9947,22.5232,34.7,0.092169
30.2148,22.8811,28.5189,4.10381e-26
24.517,24.227,24.8963,0.176948
24.5864,24.2873,24.7688,0.162356
24.524,24.2391,24.626,0.118269
24.4698,24.1393,24.4368,0.16625
24.554,23.9782,24.192,0.191753
24.6977,23.9087,24.3553,0.145153
24.8747,23.8852,24.3885,0.135005
25,23.8898,24.3871,0.0933139
31.1922,22.692,29.2933,3.35781e-26
17.5118,22.0563,39.2,5.77044e-26
3.47567,-12.9794,93.8,2.08472e-25
-1.21355,-3.35865,43,0.0758578
3.25866,-12.5342,91.4491,5.51223e-26
-2.40413,0.751649,24.3589,0.589928
-2.282,0.386872,23.7416,1.40505
-2.20942,0.197923,23.6485,1.0722
-2.20219,0.194355,23.6443,0.146792
-2.00342,-1.57111,34.7,0.0976752
14.3164,14.9491,43,0.0336419
50,23.4666,38.9945,2.07489e-25
15.5864,18.0192,34.7,0.0973986
30.1433,23.0345,29.5853,3.17347e-26
20.3674,22.225,24.9507,0.0401377
20.3923,22.2947,24.9155,0.048078
20.4424,22.3572,24.9112,0.0746894
20.4639,22.4276,24.9301,0.137107
20.4697,22.5104,24.9253,0.0801926
20.4474,22.5804,24.9273,0.0522421
20.4289,22.6447,24.9226,0.0619917
20.4177,22.713,24.9471,0.0432756
20.4349,22.7722,24.9753,0.0424065
20.4633,22.8215,24.9972,0.0357552
20.4666,22.8239,25,0.00177883
31.0619,23.0545,30.0206,2.72276e-26
36.2943,23.1683,32.5,8.72211e-27
14.8978,16.3547,39.2,5.7269e-26
-11.1953,5.55196,93.8,2.08133e-25
-16.614,14.2996,34.7,0.0841356
-15.6365,16.9101,24.2914,0.626615
-15.7661,17.2843,23.7513,0.587287
-15.8297,17.2769,23.7665,0.0454312
-16.1498,17.5565,23.9387,0.350467
-15.9046,17.684,24.4547,0.5817
-15.5873,18.0913,24.3913,0.654056
-15.5337,18.1606,24.4092,0.652438
-16.1606,17.5723,23.96,0.0011998
-16.161,17.5733,23.9601,0.0388175
-15.8383,17.2772,23.7682,0.050303
-15.8383,17.2771,23.7682,0.00314116
-15.8189,13.0709,43,0.0284373
-16.1829,13.6334,39.2,5.94729e-26
-12.7567,16.3601,34.7,0.0773262
-15.5585,19.287,24.8348,0.111296
-15.6559,19.211,24.0839,0.553907
-15.4334,19.8921,24.0785,0.678078
-16.0149,19.8753,24.3751,0.539221
-16.1394,20.1275,24.7745,0.566596
-16.1833,20.0677,24.9531,0.949136
-16.1834,20.0672,24.9534,0.0283543
-10.5323,14.8552,43,0.0323107
-11.5507,15.5442,39.2,6.15197e-26
12.2312,3.65729,93.8,2.12966e-25
27.8124,50,48.6146,2.82194e-25
15.5354,17.8063,43,0.0318523
23.8305,39.1605,38.7,8.81483e-26
12.3938,4.3536,91.3,3.33206e-26
25.0573,42.5,41.7546,2.44424e-26
16.6014,20.4627,34.7,0.0835882
20.7747,30.8423,31.0915,3.89845e-26
17.803,23.5797,24.4261,0.513992
18.0188,23.7525,24.6554,0.233192
18.3282,24.1825,25,0.503411
18.0255,23.7622,24.6625,0.0018646
18.0287,23.7636,24.663,0.0812333
21.0752,31.6604,31.8399,3.29816e-26
16.0235,19.0225,39.2,6.18594e-26
24.8345,41.8937,41.2,8.81483e-26
0.965734,-11.2687,93.8,1.94877e-25
-1.35127,0.154167,43,0.030665
0.621643,-50,34.6566,2.01807e-25
1.19345,-30.5633,31.2259,1.53567e-25
1.95234,5.07875,24.8857,0.0833813
2.00461,5.03417,24.759,0.0770029
2.04246,4.94573,24.6635,0.0809278
2.10154,4.80955,24.7648,0.157418
2.164,4.75265,24.7759,0.0777854
2.22802,4.70206,24.8455,0.0719357
2.22242,4.71217,24.9599,0.17952
2.23115,4.70997,25,0.0261239
1.81446,-9.45396,27.5,3.46874e-26
1.78346,-10.5077,27.686,2.92782e-26
0.981088,-37.7818,32.5,5.13688e-26
-1.05153,1.61677,34.7,0.111492
-5.93068,9.52465,100.8,2.08939e-25
19.5019,14.2913,43.1,0.039993
17.7676,7.17123,44.9,2.89451e-26
18.5587,7.88918,41.2,1.07097e-25
20.5897,9.73256,31.7,8.68353e-26
22.0627,15.1966,35,0.140138
19.8842,9.09223,35,2.89451e-26
22.088,11.1494,24.7701,0.216871
22.0365,11.3065,24.6018,0.374865
22.0378,11.3996,24.7917,0.145836
22.0248,11.4547,24.9488,0.111394
22.0242,11.4701,25,0.0421449
18.9862,8.27726,39.2,5.78902e-26
20.1026,14.5036,41.2,5.74979e-26
-12.5802,-1.14511,93.8,2.17428e-25
-18.8459,19.8732,34.7,0.117433
-19.1817,22.2909,24.589,0.312789
-19.2436,22.7324,24.2108,0.411823
-19.2018,23.1319,23.7116,0.455954
-19.2492,23.3789,23.5633,0.246948
-19.3114,23.5719,23.4653,1.05415
-19.3209,23.569,23.4588,0.173861
-18.0846,17.2585,43,0.026228
-18.4331,18.4556,39.2,6.11345e-26
7.22256,-23.1687,31.9526,2.26228e-26
-14.5979,-50,43.4195,2.67882e-25
-5.61715,-38.9569,38.7,1.79092e-25
19.3678,-13.2595,43,0.0360874
3.39457,-27.8757,33.9643,1.75935e-25
20.6789,-6.90179,24.9642,0.0195591
20.6571,-6.88871,24.9419,0.0209889
20.6203,-6.8885,24.9302,0.025358
20.5792,-6.88682,24.9234,0.034021
20.5385,-6.87655,24.9313,0.0209444
20.5086,-6.87241,24.9531,0.0300743
20.4803,-6.88028,24.97,0.0289699
20.4566,-6.89391,24.9932,0.0320481
20.4529,-6.90009,25,0.0145454
19.6017,-13.9344,39.2,5.49122e-26
-8.49856,-42.5,40.2142,9.08177e-26
19.8631,-14.6786,34.8909,0.0293276
19.8883,-14.6773,34.7833,0.034534
19.901,-14.6503,34.705,0.0241134
19.901,-14.6462,34.7,0.000394444
-13.402,2.54076,93.8,1.91964e-25
-18.959,50,44.8527,2.03015e-25
-16.3802,34.8397,38.7,1.42924e-25
-13.4117,3.03771,91.3,5.48467e-26
-17.6832,42.5,41.8089,4.35104e-26
-12.13,12.4522,35,2.73287e-26
-15.2485,28.1869,36,7.14619e-26
-11.524,12.3752,31.7,8.19862e-26
-14.7084,25.1693,34.7,3.88826e-26
-14.7698,25.3721,34.8576,0.0731471
-10.2951,12.2323,24.9022,0.0736136
-10.2915,12.2933,24.794,0.0909386
-10.3104,12.3827,24.7294,0.0896896
-10.4331,12.4342,24.7317,0.0705181
-10.5624,12.434,24.7744,0.115683
-10.6443,12.3849,24.855,0.0840549
-10.7157,12.434,24.9145,0.0669251
-10.7839,12.5181,24.9296,0.0811148
-10.8416,12.6035,24.9504,0.0689941
-10.9214,12.685,24.9947,0.0723529
-10.9306,12.6943,25,0.0112234
-13.5991,12.6387,43,0.0468217
-12.9013,12.5501,39.2,5.46575e-26
-17.428,40.9998,41.2,1.42924e-25
45.1279,-50,44.3368,2.49582e-25
39.383,-41.0036,38.7,1.1381e-25
37.0325,-37.3227,36.3937,1.47772e-25
17.8504,-14.8172,43,0.0302075
24.8132,-18.2912,24.9058,0.0856125
24.8326,-18.3209,24.8249,0.0791935
24.888,-18.3593,24.7534,0.104394
24.9186,-18.3989,24.6635,0.0580381
24.9595,-18.4456,24.5809,0.0673703
25,-18.4803,24.5878,0.0349654
29.6517,-25.7647,29.1519,3.24413e-26
33.064,-31.1083,32.5,8.25479e-26
18.7341,-15.5679,39.2,5.59756e-26
40.3386,-42.5,39.6376,2.49011e-26
29.0707,-24.8548,28.5818,3.40093e-26
19.7806,-16.4568,34.7,0.084273
-27.9687,-50,40.359,1.87005e-25
-25.0767,-9.84231,36.8724,5.3056e-26
-26.5926,-30.8922,38.7,1.5709e-25
-23.8924,6.60337,35.4446,1.36803e-25
-23.4194,12.6748,34.7,7.66902e-26
-19.0464,13.3525,34.7,0.0852476
-23.4642,12.552,34.928,0.0894239
-23.4644,12.5455,34.9287,0.000628369
-22.0246,16.0407,24.9001,0.0858842
-22.0834,16.0468,24.8057,0.111175
-22.1738,16.0602,24.717,0.0971491
-22.2366,16.0564,24.8473,0.113628
-22.2526,16.0616,24.879,0.0143453
-22.2725,16.0727,24.949,0.0498583
-22.2771,16.0526,25,0.0478764
-16.395,11.8916,43,0.0300294
-17.6089,12.5604,39.2,5.70359e-26
-27.4285,-42.5,39.7078,1.56251e-25
7.72567,11.8265,93.8,2.13712e-25
6.63709,12.1976,91.3,6.10605e-26
-18.0921,20.5437,34.7,0.47818
-23.1543,23.4433,24.8306,0.139005
-23.3226,23.4208,24.746,0.131118
-23.4714,23.3652,24.6972,0.172574
-23.6362,23.3231,24.7351,0.122746
-23.821,23.367,24.7694,0.225691
-23.9556,23.3296,24.8174,0.11287
-24.1525,23.3336,24.8626,0.124002
-24.1666,23.3323,24.8676,0.00695705
-24.1885,23.3257,24.8783,0.280755
-14.3943,19.3685,43,0.100481
-16.0873,19.9065,39.2,6.11186e-26
9.89606,1.0553,98.9304,6.1835e-26
-16.0618,-16.5773,43,0.0327342
-19.9195,-19.5905,34.7,0.163583
-23.8164,-22.1866,24.5767,0.432966
-23.8287,-22.1872,24.5666,0.0129955
-24.0384,-22.577,24.3099,0.459992
-24.139,-22.983,24.1132,0.338044
-24.1339,-22.8155,23.7719,0.284058
-24.2331,-22.7592,23.6639,0.958605
-17.828,-17.9568,39.2,6.69433e-26
-28.7237,50,45.8187,2.28236e-25
-24.5045,38.1953,38.7,1.08136e-25
-26.0431,42.5,41.2959,5.18386e-27
-21.804,30.6397,34.1436,3.09407e-26
-21.4481,29.6438,33.5431,9.96521e-26
-16.5038,14.9026,34.7,0.0859128
-16.3583,15.0784,24.9244,0.275979
-16.4207,15.1151,24.891,0.0527945
-16.4482,15.1793,24.8465,0.0597716
-16.4437,15.2467,24.8316,0.0454387
-16.4251,15.3521,24.8393,0.0782083
-16.3927,15.3997,24.8893,0.0571139
-16.3858,15.4444,24.9578,0.0618282
-16.3847,15.477,25,0.0501209
-16.2139,13.3255,43,0.0284213
-16.3466,14.0476,39.2,5.42312e-26
-25.9863,42.341,41.2,1.08136e-25
-12.4151,-11.6499,43,0.0306206
-13.7825,-12.6197,34.7,0.0875231
-13.7331,-12.5847,35,2.99003e-26
-15.2917,-14.2599,24.1603,0.746707
-15.2864,-14.5843,23.376,0.675376
-15.2875,-14.6542,22.9285,0.405971
-15.3052,-14.638,22.908,0.324913
-13.0411,-12.0939,39.2,5.98005e-26
11.2793,-5.01367,93.8,2.22776e-25
39.4198,50,44.5621,2.80912e-25
18.8416,14.9177,43,0.0249112
34.4548,42.5,38.6059,9.80163e-26
20.4493,18.1866,34.7703,0.0925519
20.4633,18.2278,34.7,0.0461117
25.4168,28.8472,27.7632,1.35353e-26
22.55,24.5773,24.6757,0.379641
22.8341,24.9558,24.6772,0.307446
22.87,25,24.7079,0.0715017
25.1974,28.5158,27.5,2.10919e-26
25.8975,29.5733,28.3399,2.96584e-26
28.4157,33.3772,31.3608,3.47543e-26
29.3652,34.8117,32.5,5.14289e-26
19.5835,16.4199,39.2,6.41258e-26
3.69356,11.6699,93.8,1.96346e-25
-53.4623,11.1628,38.7,1.31482e-25
-20.7628,5.48134,29.5925,3.62417e-26
-18.8834,7.95605,31.7,1.42565e-25
-16.0099,11.7812,34.8918,0.0628943
-16.113,11.6163,34.8087,0.0780062
-16.2062,11.4815,34.7023,0.0442118
-16.2081,11.4788,34.7,0.000697042
-24.87,0.0528099,24.9607,0.0343292
-24.898,0.0173597,24.9351,0.0309451
-24.9358,-0.0215948,24.9379,0.0284672
-24.9576,-0.0190263,24.9719,0.0405055
-24.9795,-0.0211386,25,0.0234554
-21.5537,4.43982,28.7056,3.55042e-26
-23.5205,1.84994,26.5,4.75217e-26
-30.1771,2.01973,27.5,6.57411e-26
-37,4.6988,30.7818,3.16209e-26
-40.5723,6.10147,32.5,6.57411e-26
-11.8267,19.2901,43,0.0767877
-13.773,15.7967,39.2,7.715e-26
-55.5,11.963,39.6801,3.15641e-26
-14.9054,-13.888,43,0.0385778
-17.3289,-16.9702,34.7,0.0961594
-23.6183,-19.5991,24.6198,0.425491
-24.1527,-19.6364,24.5975,0.54076
-24.671,-19.5605,24.5385,0.450928
-25,-19.5208,24.4252,0.366966
-16.0149,-15.2991,39.2,6.36057e-26
5.75192,-10.1523,93.8,2.13918e-25
-49.7977,3.5825,38.7,1.52162e-25
-11.3093,-12.7969,43,0.0350287
-10.7745,-12.714,44.5922,9.40752e-27
-13.9299,-12.508,34.7,0.085802
-13.8352,-12.5184,35,3.03451e-26
-29.8666,-5.38417,30.5609,1.64091e-25
-17.2742,-11.8491,24.9309,0.0520621
-17.2629,-11.764,24.4809,0.341439
-16.9899,-11.658,24.6496,0.240348
-16.5868,-11.5375,24.7923,0.41391
-16.2297,-11.5174,24.9926,0.929675
-16.2492,-11.5104,25,0.0205691
-12.5091,-12.6646,39.2,6.06902e-26
-55.5,6.14789,41.0286,1.39123e-25
0.44371,10.3726,93.8,1.9568e-25
-29.8784,12.9119,33.6089,2.59875e-26
-28.8891,13.1578,33.7364,1.422e-25
-21.1503,15.1292,34.8344,0.057957
-21.3141,15.0952,34.7775,0.0416318
-21.4113,15.0166,34.7,0.0477334
-42.5,9.77453,31.9824,1.10949e-25
-16.0021,16.1452,43,0.0238396
-18.3707,15.6748,39.2,6.29242e-26
18.9142,-50,42.42,1.56791e-25
20.0749,-42.5,37.2615,2.65196e-26
19.6838,-45.0276,39,6.58596e-26
12.9622,-22.1101,43,0.0242555
22.9447,-24.2704,24.931,0.0487333
22.9468,-24.3244,24.8615,0.0752169
22.9375,-24.4014,24.8135,0.0424153
22.9047,-24.4799,24.7763,0.0736615
22.8882,-24.5652,24.8695,0.122591
22.8607,-24.617,24.9348,0.0648773
22.8338,-24.6726,25,0.0603038
21.777,-31.5019,29.6971,3.56177e-26
14.5718,-22.3645,39.2,5.82419e-26
21.9473,-30.4013,28.9401,3.61354e-26
16.4779,-22.6658,34.7,0.161178
-18.3928,-13.192,43,0.0226567
-20.3494,-14.7544,34.7,0.144575
-24.5898,-19.8179,24.9263,0.0884739
-24.6642,-19.8536,24.8718,0.0552014
-24.7281,-19.8751,24.7793,0.0640117
-24.7913,-19.8925,24.6772,0.0757132
-24.8201,-19.8806,24.5368,0.109063
-24.8207,-19.8974,24.4368,0.0631587
-24.8008,-19.8958,24.3493,0.0606387
-24.7697,-19.8542,24.253,0.0863627
-24.7357,-19.7474,24.1729,0.0860073
-24.7706,-19.6308,24.0838,0.100035
-24.8017,-19.5418,24.0085,0.0782774
-24.8994,-19.5386,23.9653,0.0683938
-24.9911,-19.5734,23.9251,0.142393
-25,-19.5713,23.9165,0.00602455
-19.2886,-13.9074,39.2,5.62009e-26
12.1469,50,43.1034,2.06759e-25
14.7567,12.2301,43,0.0814076
12.6692,42.5,38.5985,9.80507e-26
12.6227,43.1684,39,5.22281e-27
15.0599,15.0032,34.7,0.0775833
13.5183,30.3078,31.2753,3.33176e-26
14.5719,18.8332,24.8842,0.0931447
14.5368,18.9108,24.762,0.122031
14.5041,18.9991,24.6958,0.0806174
14.4301,19.1221,24.6487,0.143448
14.3866,19.3047,24.6378,0.210764
14.4732,19.4913,24.7145,0.144255
14.3395,19.6415,24.7688,0.210696
14.2746,19.7093,24.8978,0.170689
14.2528,19.8191,24.9736,0.104052
14.2459,19.8604,25,0.041917
13.4512,31.2715,31.8541,2.98958e-26
14.8955,13.4997,39.2,5.72501e-26
-7.69203,-8.88842,93.8,1.56959e-25
50,-38.3948,35.8748,2.29706e-25
-16.7075,-23.0632,43.0089,0.103889
-16.7052,-23.0652,43,0.00144225
-17.5567,-21.2146,34.9251,0.0410588
-17.551,-21.1945,34.8502,0.029471
-17.5404,-21.12,34.8094,0.0298614
-17.5088,-21.0541,34.7874,0.0312987
-17.5048,-20.9935,34.7367,0.0160703
-17.4841,-20.9302,34.7012,0.0248396
-17.4827,-20.9286,34.7,0.000198151
-7.86473,-8.86631,24.9918,0.0135917
-7.84422,-8.86907,24.9999,0.0102903
-7.84328,-8.86975,25,0.000762466
5.45426,-15.6572,27.5,1.74544e-25
28.4028,-27.3709,31.8144,2.96318e-26
32.0493,-29.2322,32.5,1.9616e-26
-17.1129,-22.1946,39.2,5.69158e-26
6.14175,-16.0082,27.6293,2.25601e-26
27.4835,-26.9017,31.6416,3.03306e-26
10.0743,-9.94931,31.7,1.34689e-25
-12.9969,50,34.1125,2.09936e-25
17.3625,-15.0683,43.0421,0.0215711
17.3506,-15.0644,43,0.0151741
-8.6909,27.5767,29.7532,6.92282e-26
-3.9848,3.10795,24.9992,0.0175169
-3.99589,3.12762,25,0.0131275
-3.9959,3.12768,25,4.63879e-05
8.05858,-8.07679,30.7382,3.09948e-26
6.77322,-6.88272,30.1249,3.03274e-26
-6.35702,15.4232,27.3904,1.37355e-25
-8.90362,28.6845,29.9685,8.9231e-27
-11.4041,41.7056,32.5,1.71115e-25
16.8768,-15.4016,39.2,5.67357e-26
8.82551,-8.78924,31.1041,3.01608e-26
16.3533,-15.7691,34.9272,0.0229604
16.3388,-15.7732,34.8604,0.0151748
16.338,-15.7681,34.7803,0.0239755
16.357,-15.7848,34.7205,0.0202202
16.3615,-15.7899,34.7,0.0061339
6.00128,-6.16562,29.7565,2.96357e-26
-17.5978,-12.9106,43,0.0202745
-20.6104,-14.9705,34.8164,0.0552195
-20.7764,-15.0304,34.7,0.0744606
-22.3077,-15.3441,24.9384,0.0377552
-22.315,-15.3467,24.8833,0.040502
-22.2942,-15.3493,24.8128,0.0674393
-22.2492,-15.3176,24.7312,0.107819
-22.2337,-15.202,24.6515,0.132888
-22.2438,-15.1948,24.4886,0.216212
-22.2908,-15.2457,24.2559,0.236751
-22.2906,-15.2444,24.1821,0.572688
-18.9997,-13.8733,39.2,6.19506e-26
10.3942,-4.12275,93.8,2.06943e-25
11.3201,-3.12562,100.8,2.33406e-25
1.25905,-0.293697,43,0.0308672
-1.30968,-4.64108,44.9,1.23372e-25
-5.57023,-3.57459,24.8633,0.103069
-5.6396,-3.63538,24.7312,0.100297
-5.68666,-3.72247,24.6191,0.141276
-5.74332,-3.87502,24.491,0.147218
-5.84493,-3.93835,24.2733,0.220611
-5.9899,-4.32902,24.098,0.384043
-6.03764,-4.73974,24.3674,0.431656
-6.02858,-4.85387,24.7078,0.308905
-5.92037,-4.83582,24.8491,0.115063
-5.77885,-4.81908,24.8132,0.122503
-5.75913,-4.85238,24.6614,0.129863
-5.68172,-4.96987,24.751,0.113001
-5.72357,-5.06864,24.8408,0.106852
-5.76769,-5.1305,24.9284,0.109192
-5.80699,-5.17976,24.9956,0.332234
-5.80578,-5.18057,25,0.00274639
-5.86457,-3.76003,24.5507,0.050303
-5.86508,-3.76036,24.5506,0.0283392
-2.14564,-4.74139,41.2,6.66874e-26
-0.752168,0.30842,34.9423,0.0109248
-0.85982,0.234873,34.7,0.0785141
-3.3205,-4.88236,36,3.33437e-26
-3.61421,-4.9176,34.7,1.00031e-25
3.04192,12.9071,93.8,1.99886e-25
7.34606,50,37.5106,2.73573e-25
2.27363,13.0114,91.3,5.71103e-26
-12.3164,29.894,29.3209,2.96017e-26
-16.5056,15.2611,34.8733,0.0366972
-16.5897,15.2515,34.7,0.0509808
-22.686,19.0383,24.9607,0.0418329
-22.7291,19.0768,24.9244,0.0556495
-22.7784,19.1075,24.9116,0.0471825
-22.773,19.1535,24.8822,0.0358626
-22.7586,19.2132,24.8721,0.0324157
-22.7378,19.2628,24.9207,0.0641514
-22.7128,19.2882,24.9684,0.0377043
-22.6903,19.286,25,0.0402517
-11.7126,30.5114,29.5724,2.41299e-26
-4.68376,37.6988,32.5,6.63915e-26
-12.5698,15.0252,43,0.0348603
-14.4048,15.1394,39.2,6.05538e-26
10.0471,8.1855,93.8,2.03642e-25
15.4292,11.8107,43,0.0270783
10.312,8.36391,91.3,5.81835e-26
16.8794,13.1666,34.7,0.0951264
18.5585,14.2483,24.6439,0.266318
18.7971,14.2881,24.2477,0.325314
19.0492,14.1571,23.7721,0.38597
19.3082,14.2384,23.138,0.68775
19.383,14.0695,22.4321,0.649889
19.3514,14.0936,22.3198,0.793521
16.0931,12.4315,39.2,5.93211e-26
-50,-46.5506,42.5477,3.1383e-25
-3.30753,1.33062,43,0.0284158
-38.9173,-32.8041,38.7,2.58266e-25
-17.2448,-5.92229,31.1757,3.10824e-26
-30.3971,-22.236,35.7419,9.58072e-26
-23.3467,-13.4909,33.2941,2.05855e-25
-27.396,-18.5135,34.7,1.56809e-25
0.560581,16.0139,24.9834,0.0349345
0.554209,16.0536,24.9753,0.0620116
0.551742,16.0931,24.9713,0.0276667
0.539841,16.1266,24.986,0.0374547
0.543104,16.1412,25,0.0179688
-0.40993,10.6803,28.2562,3.03672e-26
0.116493,13.5389,26.5,5.21747e-26
-10.3276,2.65749,28.7741,2.93666e-25
-16.5515,-5.06235,30.935,3.32607e-26
-42.5,-37.2479,39.9438,9.60542e-26
-2.39898,0.0666804,34.8876,0.0314175
-2.3849,0.0947236,34.7639,0.034241
-2.34163,0.190978,34.7007,0.0379554
-2.34143,0.192046,34.7,8.24541e-05
-0.584392,9.733,28.8383,3.14349e-26
-1.44219,5.07504,31.7,4.44146e-26
50,-33.1591,36.4902,2.30121e-25
14.0665,-10.8792,43,0.0301182
20.6511,-16.624,24.8568,0.152189
20.8604,-16.6966,24.8077,0.274991
21.0296,-16.7147,24.8913,0.154728
21.1895,-16.8172,24.92,0.123596
21.3168,-16.8768,24.9097,0.0807259
21.4506,-17.0079,24.9499,0.167808
21.5194,-17.0268,25,0.0593461
31.2816,-22.5564,28.9384,2.97852e-26
36.3599,-25.433,30.9872,2.96799e-26
40.1096,-27.5569,32.5,8.14858e-26
14.8584,-11.7124,39.2,5.76531e-26
30.3756,-22.0432,28.5729,2.877e-26
15.7962,-12.6992,34.7,0.086508
-21.6956,15.4153,34.7,0.0756695
-23.3867,17.025,24.7068,0.302767
-23.3873,17.1812,24.3744,0.40483
-23.576,17.3484,24.1548,0.320036
-23.6642,17.2839,24.0441,0.952194
-19.0603,13.9365,43,0.0339805
-20.2668,14.6135,39.2,6.08979e-26
7.60738,-50,41.8522,1.49601e-25
11.3647,-42.5,37.1188,2.27634e-26
9.87141,-45.4807,39,8.51035e-26
18.342,-19.6523,43,0.210067
21.2154,-23.25,24.9332,0.0525946
21.1563,-23.2616,24.9288,0.0445024
21.0892,-23.2616,24.9308,0.0381495
21.0336,-23.2691,24.9572,0.0386038
20.9891,-23.2911,24.9946,0.0492316
20.9843,-23.2981,25,0.00285368
16.6353,-31.9793,30.4789,3.31149e-26
19.1844,-20.1708,39.2,5.48762e-26
17.1386,-30.9746,29.8448,3.34138e-26
20.137,-20.8054,34.8048,0.0511403
20.1563,-20.8441,34.7,0.0302257
6.20837,-11.2857,93.8,2.01014e-25
-40.6531,-50,33.1221,2.59664e-25
-12.0189,-21.0953,43,0.0335255
-16.4845,-25.1659,34.7147,0.122811
-16.5006,-25.1853,34.7,0.00831785
-16.3194,-25.0285,35,3.28896e-26
-21.5974,-30.4218,34.367,3.04617e-26
-20.7567,-29.5581,34.422,1.62207e-25
-14.0617,-22.9636,39.2,6.57793e-26
-5.34239,-10.0738,93.8,1.39888e-25
-10.9042,-50,45.0113,2.5129e-25
-14.3534,-42.0913,38.7,8.99697e-26
-15.9373,-21.0697,43,0.0262579
-17.2745,-22.5206,34.7,0.0730749
-19.2565,-30.8488,29.7283,3.70938e-26
-21.6778,-24.8936,24.9339,0.0984777
-21.7357,-24.8814,24.8789,0.0751503
-21.8229,-24.8783,24.8458,0.0608163
-21.8373,-24.8942,24.9325,0.0526796
-21.8406,-24.9237,25,0.0521622
-18.7626,-31.9814,30.6321,3.58815e-26
-16.5495,-21.7339,39.2,5.48734e-26
15.6069,-11.1524,43,0.0257154
22.7396,-15.7498,24.9301,0.0408755
22.8835,-15.8402,24.9409,0.173012
22.8552,-15.9142,24.9227,0.226154
22.8718,-15.9385,24.9109,0.325815
16.6417,-12.0962,39.2,6.02309e-26
17.8672,-13.2139,34.7,0.118517
11.1413,19.3846,43,0.0512648
13.6057,20.8342,34.7,0.110475
14.8731,22.3763,24.9496,0.028151
14.8807,22.3813,24.9406,0.182194
12.2696,20.0483,39.2,5.78814e-26
-0.420412,-9.95859,97.1823,1.14997e-25
50,-15.0159,45.9985,3.29802e-25
15.8302,10.877,43,0.0353546
40.3997,-3.82991,38.7,1.23946e-25
18.0073,13.7667,34.7,0.086904
28.4072,10.1434,29.5828,3.16784e-26
21.1986,18.5985,24.7206,0.237663
21.4032,18.6314,24.4077,0.218653
21.6734,18.5132,24.1572,0.221655
22.0101,18.194,24.1677,0.384359
22.1965,17.8153,24.1766,0.288108
22.2231,17.5191,24.5836,0.357447
22.3563,17.2349,24.9239,0.326791
22.3791,17.1671,25,0.0759796
29.048,9.39675,30.07,3.01908e-26
16.8269,12.2,39.2,6.23015e-26
42.5,-6.2771,40.2967,6.79674e-26
11.1956,-3.04793,93.8,1.89821e-25
5.16027,-50,43.2629,1.96097e-25
2.49454,1.56427,43,0.0371803
4.37963,-35.6143,38.7,1.76641e-25
1.90911,7.33622,24.9347,0.0551434
1.93854,7.39904,24.8788,0.103523
1.9566,7.42919,24.8083,0.070039
1.92625,7.54526,24.7711,0.0986878
1.94288,7.57807,24.9027,0.115634
1.97333,7.58315,24.9707,0.102265
2.03582,7.57824,25,0.047048
3.00386,-10.2612,30.6584,2.98942e-26
4.75328,-42.5,40.884,1.48735e-25
3.87494,-26.3137,35.75,9.6535e-26
1.38117,3.20624,34.7117,0.0931445
1.38192,3.21192,34.7,0.00402454
2.94094,-9.10161,30.2906,2.84426e-26
1.54395,4.47047,31.7,4.6858e-26
9.88101,1.20811,99.7296,3.13409e-26
1.24735,2.61746,43,0.036866
-1.13406,5.04047,24.9061,0.0647626
-0.968937,5.34714,24.5529,0.346106
-0.502894,5.36696,24.5117,0.369055
-0.187957,5.18943,24.3403,0.364512
-0.0408145,5.34847,24.7259,0.63508
-0.0917168,5.56475,24.835,0.513414
-0.109913,5.55927,24.8265,0.247998
-0.430091,5.06221,24.7599,0.050303
-0.430344,5.06316,24.7619,0.0614429
0.466623,3.33685,34.7,0.0919347
-38.3863,-0.339361,38.7,1.3172e-25
-26.3796,8.19695,32.2077,3.14848e-26
-25.4534,8.85541,31.7069,4.54568e-28
-12.0071,16.9035,34.7,0.0979759
-12.6072,17.652,24.8983,0.0753761
-12.6462,17.6924,24.7889,0.0794857
-12.7063,17.7343,24.7157,0.0761296
-12.8522,17.8361,24.6578,0.132397
-12.9267,17.9499,24.7339,0.114888
-13.0057,18.0205,24.814,0.245502
-13.0399,17.9546,24.8919,0.0526663
-13.0314,17.8821,24.9881,0.0831782
-12.9852,17.7891,24.9947,0.0744411
-13.023,17.6922,24.9914,0.0716857
-13.0498,17.6739,25,0.0419361
-26.9201,7.81262,32.5,1.60746e-26
-12.576,14.9697,43,0.0310647
-12.3155,15.8551,39.2,5.54052e-26
-43.0097,-3.62645,41.2,1.3172e-25
-9.43036,-3.19533,96.583,1.23106e-25
11.3357,-15.7485,43,0.0516859
21.3368,-16.8184,24.9538,0.0743433
21.392,-16.8481,24.9681,0.035368
21.4431,-16.889,24.9826,0.047599
21.5019,-16.9302,24.9999,0.0809067
21.5309,-16.9409,24.9261,0.135766
21.5416,-16.9585,24.8681,0.0672306
21.5497,-16.9481,24.7957,0.0623185
21.6145,-16.9172,24.7299,0.0808364
21.6658,-16.8815,24.7152,0.0405101
21.6653,-16.8794,24.7181,0.0834362
13.2141,-16.4326,39.2,6.00634e-26
15.435,-17.2364,34.7043,0.152159
15.4373,-17.236,34.7,0.00106197
-2.23396,-10.3522,93.8,2.00336e-25
29.5552,-50,40.3792,1.82919e-25
25.9337,-41.9122,38.7,2.85999e-25
26.5807,-43.3572,39,1.06051e-26
15.627,-20.3177,43,0.0236257
16.4491,-21.7341,39.2,5.78142e-26
20.1105,-28.9075,36,1.20023e-25
17.4127,-23.4433,34.7789,0.0828933
17.5538,-23.6253,34.8568,0.0568669
17.6826,-23.8274,34.9031,0.0696401
17.863,-24.0202,34.9615,0.092078
17.9538,-24.091,35,0.0358958
-10.6782,2.82445,93.8,2.16426e-25
-17.8403,-14.7689,43,0.0277997
-19.2162,-17.6073,34.7,0.0842133
-19.7825,-20.1624,24.5155,0.56894
-19.6281,-20.0541,24.1092,0.398562
-19.2917,-19.7806,23.8625,0.411038
-19.0048,-20.1003,23.5799,0.546609
-18.8679,-20.2542,23.5316,1.04505
-18.8678,-20.2507,23.5383,0.131219
-18.4702,-16.0684,39.2,6.19385e-26
12.1231,11.637,43,0.0304692
11.9818,11.3448,43.8999,3.10648e-26
12.938,14.9417,34.7,0.0817984
14.369,18.0749,24.4721,0.386454
14.6042,18.2867,24.2253,0.335004
14.7131,18.3689,24.2889,0.931041
12.4962,13.15,39.2,6.31381e-26
-8.49183,5.43608,93.8,1.47701e-26
-50,34.1164,39.4743,4.31162e-26
-42.5,29.6016,36.8622,1.86831e-26
-48.638,33.2965,39,2.26165e-25
-30.3617,22.2949,32.6346,3.49182e-26
-29.448,21.7448,32.3164,7.09941e-26
-16.0578,15.0101,34.957,0.01769
-16.0573,15.011,34.9053,0.0133563
-16.0481,15.0107,34.8514,0.0211963
-15.9922,15.0164,34.7774,0.0375766
-15.966,15.0085,34.7371,0.0175923
-15.9427,14.9928,34.7,0.0155359
-8.51612,9.12951,24.991,0.0116504
-8.49965,9.12557,24.9803,0.0195836
-8.48767,9.13134,24.9651,0.00943761
-8.47156,9.13483,24.9543,0.0229734
-8.4507,9.12579,24.9553,0.0198442
-8.43238,9.1122,24.9691,0.0219542
-8.43405,9.10006,24.9813,0.0145553
-8.438,9.09704,24.9969,0.0103913
-8.44103,9.09941,25,0.0104956
-16.0012,12.4873,43.0504,0.0147945
-16.0094,12.4852,43,0.0174709
-16.0285,13.6787,39.2,6.01227e-26
-50,11.5573,20.7855,3.79741e-26
-21.8168,13.9205,34.7,0.221614
-24.6633,17.1468,24.9106,0.0583289
-24.6401,17.204,24.8415,0.0493755
-24.6572,17.2792,24.7812,0.055395
-24.7475,17.3354,24.6989,0.0988329
-24.9142,17.3207,24.688,0.142407
-25,17.3127,24.6814,0.0881748
-18.9544,10.3838,43,0.0181684
-20.2649,12.003,39.2,6.13052e-26
-8.99443,9.09043,93.8,2.26122e-25
15.5653,14.4983,43,0.0273419
19.3614,14.9734,34.7,0.0871143
23.7682,16.2189,24.3884,0.673272
23.9273,16.265,23.8765,0.32518
24.1287,16.2706,23.4198,0.294799
24.4771,16.397,23.0211,0.402421
24.4824,16.3955,23.0237,0.114451
17.3033,14.7158,39.2,6.37319e-26
0.722094,50,39.1298,1.97108e-27
16.0266,18.6332,43,0.043674
0.895513,49.7855,39,2.71724e-25
18.9051,20.9445,34.7,0.0738005
16.1013,30.9751,27.6211,8.01887e-27
21.2898,24.3994,24.388,0.634016
21.2713,24.4487,24.2802,0.0830351
21.0875,24.8022,23.9273,0.339719
20.9314,25,24.0066,0.156794
16.2632,30.7749,27.5,3.06681e-26
15.4248,31.8119,28.1273,3.35099e-26
11.2309,37,31.2657,4.0045e-26
9.58157,39.0404,32.5,6.61982e-26
17.3445,19.6914,39.2,6.40023e-26
-4.66655,-8.78996,97.5576,1.02533e-25
-10.0914,-16.2063,43,0.0305104
-15.648,-15.2524,43.1,0.027972
-9.65573,-15.8489,44.6749,6.38751e-27
-12.854,-18.3865,34.7,0.0945852
-15.8792,-16.1935,34.9555,0.0647749
-15.8721,-16.1916,35,0.0113452
-16.7329,-21.1683,24.9241,0.0669987
-16.7929,-21.1682,24.8289,0.0790048
-16.7696,-21.0612,24.7959,0.0949196
-16.7098,-20.9544,24.8065,0.0841996
-16.6675,-20.844,24.7996,0.0989271
-16.6505,-20.7252,24.7881,0.116769
-16.6116,-20.6003,24.8129,0.105806
-16.6464,-20.5182,24.8706,0.0632799
-16.7162,-20.4586,24.8979,0.0744261
-16.7509,-20.3727,24.9732,0.0823107
-16.7383,-20.3461,25,0.0328438
-11.3562,-17.2045,39.2,5.83823e-26
-15.7006,-15.4727,41.2,5.34992e-26
-50,29.4752,42.7058,2.30197e-25
-34.8526,19.1649,38.7,2.17226e-25
11.0383,-14.5679,43,0.032783
-16.0255,6.35007,33.7211,3.74388e-26
-24.6429,12.2156,36,1.24352e-25
-19.7271,8.86957,34.7,1.19852e-25
17.3934,-15.6028,24.8974,0.114053
17.3736,-15.6015,24.8175,0.0508394
17.334,-15.679,24.8673,0.0807467
17.3039,-15.7758,24.8747,0.0609256
17.2865,-15.8667,24.8883,0.0616696
17.2149,-15.925,24.9006,0.0624662
17.1427,-15.9867,24.9052,0.0951508
17.0882,-16.0677,24.9165,0.0692354
17.006,-16.1293,24.9606,0.100208
16.9523,-16.0967,25,0.0724357
7.0032,-9.32473,27.6311,5.55959e-26
5.22895,-8.11706,28.1003,2.94098e-26
-10.3748,2.50384,32.2268,2.82733e-26
11.9775,-15.1052,39.2,5.58025e-26
-42.5,24.3702,40.7224,1.89311e-25
13.0897,-15.7414,34.7,0.209444
4.27506,-7.46779,28.3525,2.87224e-26
-9.51506,1.91863,31.9994,3.08803e-26
-8.48271,1.21595,31.7264,3.28094e-27
10.8562,14.9715,43,0.0384421
11.6092,17.3706,34.7,0.0757003
12.3257,21.3729,24.4668,0.554905
12.1838,22.0232,24.0193,0.945256
11.5047,22.1238,23.9979,1.05893
11.0243,22.4087,23.8004,0.603093
11.018,22.4242,23.7748,0.0721299
11.0174,22.4371,23.778,0.186158
11.0201,22.4382,23.7792,0.050303
11.0199,22.439,23.7781,0.0460316
11.201,16.0699,39.2,6.09596e-26
-7.37811,9.23688,93.8,2.01237e-25
-30.3808,14.1762,30.4497,2.90496e-26
-25.7604,16.7692,31.7,3.07936e-26
-14.6743,22.9908,34.7,0.0935436
-15.7891,24.3783,23.1792,0.050303
-15.7855,24.3879,23.1751,0.166305
-31.3219,13.648,30.195,2.88039e-26
-37,10.4614,28.6585,3.24907e-26
-13.7547,21.3745,43.0602,0.00994367
-13.7642,21.3865,43,0.016765
-14.1808,22.121,39.2,5.65996e-26
-3.78767,-10.4246,93.8,2.03306e-25
-4.94711,50,40.8344,1.44996e-25
1.10706,-3.17593,43,0.0243273
-3.65835,42.5,38.2082,1.26091e-25
-4.0469,44.7612,39,5.15553e-26
-1.44445,29.6161,33.6969,1.25979e-25
3.03748,2.74155,24.5233,0.425303
2.89578,2.98599,24.2635,0.26775
2.82111,3.39769,24.2125,0.278824
2.85531,3.76145,24.3809,0.309801
2.89383,3.9204,24.4371,0.12379
2.89294,4.32162,24.5511,0.310569
2.88044,4.37315,24.5701,0.0326017
2.89118,4.51195,24.9466,0.46262
2.82354,4.77837,25,0.20538
2.95541,4.08721,24.4868,0.010331
2.95536,4.08771,24.4868,0.0249693
1.59667,11.9182,27.5,8.36012e-26
2.25173,-1.33165,34.7,0.105946
-28.3248,50,40.8833,1.84593e-25
15.5202,11.2239,43,0.0264875
-17.4183,42.5,37.2375,5.56387e-26
-22.6909,46.1258,39,1.57284e-25
17.2836,13.7607,34.7,0.0889186
7.37597,25.4499,28.9494,2.71849e-26
-0.789793,31.0652,31.679,1.44944e-25
19.4584,15.9845,24.5568,0.600606
19.4872,16.3733,24.5486,0.351314
19.4413,16.7598,24.7219,0.308125
19.2907,17.121,24.909,0.542206
19.1908,17.3253,25,0.18908
6.5257,26.0346,29.2336,2.77653e-26
16.3275,12.3853,39.2,6.08153e-26
42.0388,50,42.234,2.35922e-25
15.3528,11.0267,43,0.0231598
35.4536,42.5,38.4578,1.3232e-25
36.3992,43.5769,39,2.18675e-26
14.9363,12.1086,34.9344,0.0222606
14.9163,12.1607,34.7,0.0651759
14.9369,12.1192,34.907,0.00015155
14.9368,12.1191,34.9069,0.00583193
14.9896,11.9779,35.892,2.93168e-27
24.1481,29.624,31.9747,2.83392e-26
11.971,15.3595,24.9035,0.119161
11.9389,15.455,24.8589,0.0671108
11.9409,15.5465,24.8917,0.0697951
11.9432,15.6518,24.9173,0.0788482
11.9629,15.7392,24.9715,0.0702643
11.9854,15.7717,25,0.0264745
24.7424,30.3008,32.3154,2.56537e-26
15.1586,11.5352,39.2,5.43136e-26
50,24.8868,44.1622,1.98817e-25
12.3096,14.0711,43,0.0289766
33.7176,22.1516,38.7,1.55141e-25
42.5,23.6269,41.6462,3.77785e-26
13.689,15.2897,34.7,0.0750241
22.4807,20.231,34.8988,0.132431
22.6727,20.2963,34.9947,0.114405
22.6883,20.2989,35,0.0100031
25.6692,20.7996,36,3.36869e-26
16.3335,16.6546,24.9129,0.0672946
16.3711,16.605,24.8632,0.0752843
16.3671,16.6336,24.9372,0.0602471
16.402,16.6416,24.9888,0.0424181
16.4118,16.6453,25,0.00633333
12.9411,14.629,39.2,5.45228e-26
41.1699,23.4035,41.2,1.6933e-25
10.1924,-6.27509,93.8,2.09886e-25
19.5365,-12.814,43,0.219826
22.138,-17.0908,24.9375,0.0458029
22.1242,-17.1312,24.8815,0.0538344
22.1129,-17.1617,24.8232,0.185648
22.1689,-17.1799,24.7491,0.069447
22.1937,-17.2696,24.6565,0.0972432
22.3555,-17.3175,24.5782,0.15509
22.5718,-17.3122,24.5709,0.189855
22.431,-17.2441,24.7228,0.196046
22.3822,-17.1352,24.5971,0.176715
22.3479,-17.1035,24.5351,0.592712
20.3063,-13.1445,39.2,5.97595e-26
21.1914,-13.5291,34.8497,0.0572693
21.2099,-13.5652,34.7,0.0356994
12.5792,11.4706,43,0.0395613
12.0914,11.2529,44.5524,1.06612e-26
15.1068,12.9996,34.7,0.08445
17.7774,14.6172,24.8008,0.177641
17.5695,15.0928,24.5861,0.521439
17.7718,15.0902,24.1699,0.443173
17.4122,14.9691,24.4501,0.440207
17.3275,14.8676,24.4937,0.882768
13.7364,12.1706,39.2,6.15335e-26
4.46281,-8.89886,100.677,3.85306e-27
-40.368,50,43.0833,2.44986e-25
-31.5592,35.7545,38.7,2.27484e-25
-23.0524,23.069,35,6.13989e-27
-26.1331,26.9796,36,1.13742e-25
-23.125,23.0874,34.931,0.0448087
-23.2104,23.1168,34.8695,0.0503347
-23.3237,23.1445,34.8158,0.0368013
-23.4326,23.1762,34.8722,0.0890905
-23.5352,23.2003,34.9141,0.0296859
-23.6202,23.2487,34.9267,0.0325802
-23.7031,23.2922,34.923,0.034084
-23.8157,23.327,34.8966,0.0601369
-23.8992,23.3677,34.8886,0.0381519
-23.9039,23.3746,34.8907,0.00153433
-15.3456,18.8666,43,0.0333517
-19.0063,20.8627,39.2,7.99981e-26
-35.7303,42.5,40.7756,1.79209e-25
-2.53116,12.5193,93.8,1.96978e-25
-25.8063,50,34.1051,1.87341e-25
-3.30484,12.81,91.3,4.07017e-26
-24.0516,29.7224,34.5417,2.92384e-26
-23.9524,28.5762,34.5664,1.65316e-25
-23.4153,22.3699,34.7,0.10226
-18.2524,18.4254,43,0.0411217
-20.6161,20.2313,39.2,6.78142e-26
8.43718,-10.2311,93.8,2.09119e-25
8.65806,-10.6714,91.3,5.97482e-26
12.5584,-18.6705,43,0.0301348
13.2735,-21.5824,24.5741,0.268729
13.2509,-21.6008,24.3166,0.392693
13.2669,-21.5944,24.2538,0.526355
9.21469,-11.781,85,0.000723181
12.8201,-19.2325,39.2,5.93748e-26
13.13,-19.898,34.7,0.0931178
-15.9172,13.5356,34.7,0.0836804
-16.6359,13.8325,24.7236,0.167705
-16.6776,13.7289,24.6029,0.157228
-16.5757,13.5832,24.4873,0.143247
-16.5621,13.5204,24.4588,0.553831
-16.1741,13.1293,43,0.0321293
-16.0565,13.3153,39.2,5.58002e-26
-10.3286,-6.73955,93.8,2.14663e-25
-25.0973,50,43.3382,2.10779e-25
-24.3666,42.5,38.2634,7.77524e-26
-24.4727,43.5886,39,1.98082e-26
-23.1623,30.1371,29.8981,3.50661e-26
-18.0765,17.796,34.7,0.0970328
-22.3597,22.6368,24.8548,0.148197
-22.437,22.8524,24.9747,0.179525
-22.4571,22.8981,25,0.033746
-23.2453,30.9891,30.4747,2.86719e-26
-16.9291,14.8616,43,0.0238996
-17.4545,16.2051,39.2,5.99195e-26
9.94157,-7.69203,93.8,2.10608e-25
10.2917,-8.2437,91.3,2.59784e-26
17.057,-18.9019,43,0.028891
20.4756,-22.1449,24.4047,0.382924
20.4772,-22.1869,24.2486,0.593659
19.995,-22.513,24.1584,0.875797
19.9468,-22.5133,24.254,0.737909
17.6257,-19.7754,39.2,6.03466e-26
18.2991,-20.8097,34.7,0.0811609
4.36068,-12.6583,93.8,2.07796e-25
-0.0150093,0.486446,43,0.0333466
4.23251,-12.2733,92.312,2.93295e-26
-2.70775,3.61655,24.5985,0.598822
-2.79567,3.75622,24.365,0.155337
-3.01043,4.03881,24.1671,0.323865
-3.04388,4.32622,23.8551,0.349709
-3.31099,4.46836,23.5992,0.331187
-3.36593,4.50611,23.5786,0.551241
-0.992247,1.80951,34.7,0.209731
-43.149,-50,37.2355,4.39842e-25
16.0686,-18.5118,43.0017,0.0248174
16.0683,-18.5123,43,0.000261592
11.8449,-20.2536,24.9725,0.0273678
11.8319,-20.2737,24.9523,0.0241611
11.8179,-20.2837,24.9283,0.0215991
11.7879,-20.3126,24.9115,0.0900369
11.7715,-20.3291,24.9567,0.035332
11.7609,-20.3222,24.9904,0.0285436
11.746,-20.2989,24.979,0.0192289
11.7379,-20.277,24.994,0.0235981
11.7159,-20.2748,25,0.0147073
11.6992,-20.2773,24.9985,0.0121989
11.6961,-20.2796,25,0.000882596
0.489973,-26.3522,27.5,1.52626e-25
-21.9222,-38.4973,32.5,1.56916e-25
15.607,-19.5182,39.2,5.64889e-26
15.1022,-20.6463,34.9068,0.0303588
15.1049,-20.6508,34.8015,0.0299388
15.0939,-20.6512,34.7,0.0369344
-22.4702,50,41.996,1.97738e-25
-23.0026,35.708,38.7,2.34882e-25
-23.4388,24.0003,36,4.64195e-26
-23.5862,19.496,34.9505,0.0171453
-23.5919,19.5924,34.9701,0.0314765
-23.6004,19.6642,35,0.0236461
-16.1003,20.3535,43.0249,0.0259247
-16.1153,20.3516,43,0.00804006
-19.6335,19.9455,39.2,7.45208e-26
-22.7496,42.5,40.2664,1.30618e-25
-50,2.16692,17.6125,2.41739e-25
-42.5,-2.55766,20.9808,0.00474045
-15.0315,-20.8524,43,0.044663
-17.6777,-23.5621,34.8812,0.130885
-17.7875,-23.5486,34.7637,0.0494969
-17.8619,-23.4539,34.7029,0.0906449
-17.8673,-23.4499,34.7,0.000463257
-30.1675,-13.0175,27.8494,3.11694e-26
-32.5903,-10.9626,26.5,9.42248e-26
-16.2608,-22.1286,39.2,5.90288e-26
-17.9455,50,36.8654,2.03649e-25
-11.4773,-15.2112,43.0257,0.0196285
-11.4914,-15.2162,43,0.00958486
-19.8039,11.5843,35.8827,1.81831e-25
-20.9169,-23.384,34.9639,0.0185337
-20.9811,-23.3618,34.9325,0.017129
-21.0564,-23.3305,34.912,0.0166644
-21.124,-23.2885,34.8882,0.0213142
-21.1913,-23.262,34.8383,0.0167174
-21.2681,-23.2639,34.7995,0.0264094
-21.3392,-23.2244,34.8054,0.0287671
-21.394,-23.174,34.8248,0.0256073
-21.428,-23.0848,34.8458,0.0254381
-21.455,-23.0095,34.8845,0.0234578
-21.4664,-22.9585,34.9514,0.039968
-21.4732,-22.9232,35,0.0238166
-20.6111,-5.1017,35.4559,1.89582e-25
-15.9383,-19.0774,39.2,1.00892e-25
-9.20793,6.12639,93.8,2.14325e-25
5.11355,-50,43.059,2.51926e-25
-6.47814,-36.2141,38.7,2.27644e-25
-16.1012,-19.9323,43,0.0218383
-16.6262,-24.2024,34.7,0.0888147
-16.3174,-24.5123,35,0.407822
-13.6582,-27.6749,36,1.12805e-25
-16.3415,-21.8873,39.2,6.09008e-26
-1.19272,-42.5,40.6876,1.69316e-25
14.8014,19.6562,43,0.0389173
18.7052,21.4173,34.7,0.0898044
23.5364,22.496,24.8501,0.174293
23.6331,22.5182,24.6843,0.149816
23.7558,22.4497,24.5491,0.129588
23.9776,22.4049,24.4548,0.501707
24.0951,22.3744,24.4383,0.0558783
24.1703,22.2846,24.4224,0.789691
16.5887,20.4625,39.2,6.20683e-26
6.34681,50,37.7859,2.17213e-25
-15.3191,-14.4334,43,0.0306582
-12.0116,7.7842,29.5571,4.42184e-26
-5.59296,22.544,32.4341,5.01327e-26
-18.1143,-15.7361,34.7,0.0634408
-6.3361,20.8352,32.101,6.38369e-26
-2.84865,28.8547,33.6642,1.95822e-25
-20.959,-17.8027,24.2708,0.80709
-21.3734,-17.2883,23.9489,0.617136
-21.5977,-16.6256,24.0756,0.541824
-21.9645,-16.1279,24.6799,0.627118
-22.2305,-15.7052,24.9848,0.46599
-22.1783,-15.5945,25,0.0767109
-16.6008,-2.76897,27.5,9.81092e-26
-12.7601,6.06299,29.2216,3.89975e-26
-16.5988,-15.0298,39.2,6.2538e-26
26.3951,50,44.1718,2.45747e-25
10.9424,16.0242,43,0.0195079
23.0374,42.5,38.3626,8.05588e-26
23.4058,43.3229,39,1.21193e-26
13.2186,18.751,34.7,0.0917543
17.9503,31.1369,29.5612,3.84673e-26
15.6051,23.1352,24.5715,0.40192
15.5137,23.6544,24.4602,0.423349
15.4722,23.9942,24.5001,0.273163
15.2245,24.4769,24.6231,0.406729
15.1865,24.9366,24.7768,0.40324
15.2029,25,24.8078,0.0418739
18.3407,32.0088,30.2366,3.27242e-26
11.9845,17.2726,39.2,6.2788e-26
-1.30836,-0.481482,43,0.0183237
-8.86042,1.63867,24.6964,0.223974
-9.15403,1.53415,24.5315,0.263337
-9.29059,1.32721,24.3522,0.198394
-9.27863,1.01739,24.2497,0.257705
-9.47095,1.25602,24.0312,0.47847
-9.57928,1.36462,23.9825,0.974631
-3.05047,0.249354,34.7,0.0831147
-4.8013,0.691401,31.7,4.8229e-26
-18.1523,23.0801,34.8966,0.0217765
-18.1928,22.9831,34.7,0.0546255
-17.5485,17.9533,24.9616,0.143344
-17.5424,17.9421,24.9181,0.0273552
-17.517,17.9409,24.8841,0.0306139
-17.4962,17.9258,24.8314,0.0350354
-17.4797,17.8954,24.7369,0.0960581
-17.4774,17.8885,24.6151,0.139246
-17.6199,17.9102,24.5463,0.331582
-17.62,17.9258,24.5774,0.34675
-16.6623,22.7007,43,0.0326404
-17.3605,22.8822,39.2,5.56702e-26
14.2426,-3.17651,93.8,2.02962e-25
-10.5473,-15.2201,100.8,2.23357e-25
0.780401,0.832714,43.0325,0.0160695
0.777648,0.833156,43,0.00792689
-0.977803,3.87127,43.5009,7.34182e-26
13.5791,-2.97885,91.3,5.79891e-26
-9.29472,-12.7212,93.3,6.38163e-26
2.16598,9.96487,24.9904,0.0139591
2.16508,9.98383,24.9905,0.0120478
2.14918,9.99524,24.9945,0.0261896
2.14343,9.99793,25,0.00653976
2.12601,10.0057,24.9984,0.0126728
2.11646,10.0192,24.9965,0.0098017
2.11227,10.0361,24.9989,0.00925121
2.11203,10.0355,25,0.00460132
1.87571,8.63615,26.5,8.06976e-27
1.6945,9.20258,27.5,3.19081e-26
-0.593527,4.63791,41.2,6.38163e-26
0.326694,1.33959,34.9411,0.0179594
0.309772,1.36921,34.882,0.0177624
0.302398,1.38763,34.8212,0.0157441
0.297635,1.42315,34.7416,0.0313995
0.29949,1.46266,34.7,0.0192094
1.41496,8.64488,29.1738,5.34088e-26
0.274922,6.37049,36,3.19081e-26
0.876155,4.08711,31.7,4.40629e-27
0.492034,6.80363,34.7,9.57244e-26
-39.3517,-50,48.7786,2.85893e-25
-33.1189,-39.3942,38.7,8.59566e-26
-18.4414,-17.2075,43,0.0283796
-34.9441,-42.5,41.6514,1.93995e-26
-21.0537,-20.95,34.7,0.0828268
-26.399,-27.9595,27.8337,1.43401e-26
-24.2113,-24.2627,24.8309,0.149261
-24.2652,-24.4278,24.69,0.176939
-24.4164,-24.593,24.7047,0.146488
-24.4825,-24.751,24.8028,0.131359
-24.5968,-24.8865,24.9105,0.175278
-24.6466,-24.9776,25,0.0882748
-26.1926,-27.6084,27.5,2.38044e-26
-26.9036,-28.8183,28.6497,3.50734e-26
-29.2847,-32.8699,32.5,4.56851e-26
-19.6374,-18.9209,39.2,6.3336e-26
-34.6649,-42.025,41.2,8.59566e-26
11.2157,-15.7893,31.7,8.87129e-26
7.63255,-11.5545,93.8,2.06167e-25
7.79287,-11.7115,91.3,5.89048e-26
10.8902,-14.7439,43,0.0292746
10.7852,-16.9176,24.3271,0.643484
10.7471,-16.9359,24.2502,0.0902027
10.6464,-16.8588,24.0627,0.175227
10.3614,-16.2464,23.8295,0.809412
10.2806,-16.1891,24.0042,1.03895
10.2823,-16.1852,24.0026,0.0957985
11.0959,-15.041,39.2,5.89139e-26
11.3232,-15.3694,35,2.94569e-26
11.3394,-15.3929,34.7,0.0975734
-50,-26.3821,47.2887,2.57821e-25
-39.9866,-24.8405,38.7,8.58825e-26
-11.7469,-17.5949,43,0.0380877
-20.57,-21.277,43.0092,0.00226134
-20.5775,-21.2746,43.0174,0.0177255
-20.5883,-21.2762,43.0138,0.00470765
-20.5987,-21.2788,43.0114,0.00636473
-20.5988,-21.2902,43.013,0.00563445
-20.5947,-21.2979,43.0143,0.00251338
-20.5915,-21.3072,43.0149,0.00407667
-20.5855,-21.3166,43.0172,0.0034988
-20.5812,-21.3248,43.0179,0.00437412
-20.5794,-21.3357,43.0116,0.00434617
-20.5806,-21.3452,43.005,0.00792714
-20.5794,-21.3534,43,0.00329248
-17.6862,-22.1676,34.9244,0.0256385
-17.7347,-22.1515,34.7573,0.0442957
-17.7542,-22.1413,34.7,0.0310306
-17.6899,-22.2068,34.9134,0.0134484
-17.6916,-22.2497,34.8941,0.0141315
-17.7026,-22.3088,34.8937,0.0206996
-17.6995,-22.3677,34.8834,0.0281922
-17.7286,-22.4115,34.8441,0.0174337
-17.7706,-22.47,34.8412,0.0301367
-17.7987,-22.5238,34.8949,0.0356262
-17.8245,-22.5326,34.9457,0.0527196
-17.8382,-22.5312,34.9725,0.0124772
-17.8457,-22.536,34.9951,0.0108629
-17.8467,-22.536,35,0.00159083
-21.9422,-16.5936,34.9957,0.0158214
-21.9424,-16.59,34.9903,0.00314705
-21.9431,-16.588,34.9848,0.000865686
-21.9414,-16.584,34.9762,0.00534095
-21.9383,-16.5731,34.9678,0.00723778
-21.9415,-16.5559,34.9619,0.012377
-21.9361,-16.5384,34.9618,0.0116647
-21.9376,-16.5206,34.9687,0.0122343
-21.9501,-16.5166,34.9792,0.0214194
-21.9593,-16.5125,34.979,0.0130612
-21.9639,-16.5066,34.9773,0.0504087
-29.9298,-23.2924,30.0741,3.77504e-26
-23.919,-22.3608,24.9785,0.0183052
-23.9466,-22.3604,24.9696,0.026593
-23.9791,-22.3635,24.9711,0.0238946
-23.9998,-22.3818,24.9898,0.0219817
-24.014,-22.3816,25,0.0105642
-30.9191,-23.4446,30.9226,3.64365e-26
-14.5474,-19.7523,39.2,7.25772e-26
-42.5,-25.2275,40.8558,7.1102e-26
-19.9531,-21.562,41.2,8.96226e-26
-21.2267,-19.0942,39.2,1.20796e-25
-17.8271,14.9678,34.7,0.0977157
-19.7109,18.3538,24.6447,0.328964
-19.8535,18.52,24.427,0.289074
-19.9466,18.6763,24.1755,0.360673
-20.1657,18.9315,23.9895,0.245216
-20.24,18.9262,23.9718,0.587569
-16.0584,13.2491,43,0.0278118
-16.8682,14.036,39.2,5.93314e-26
18.1706,-16.4702,43,0.0419401
21.9538,-22.4803,24.7846,0.20839
21.969,-22.4932,24.74,0.0339471
21.967,-22.494,24.7233,0.215988
20.0864,-19.9828,20.644,0.050303
20.0757,-19.9908,20.6455,0.187589
19.321,-17.6247,39.2,6.06705e-26
20.5967,-18.9054,34.9854,0.00285156
20.6814,-18.9997,34.7,0.109334
-25.5195,-42.5,37.5948,2.27414e-25
-28.9837,-50,38.4777,2.0941e-25
-12.9724,-17.131,43,0.0228099
-15.1381,-19.843,34.8637,0.0433645
-15.2114,-19.983,34.8851,0.0468521
-15.2613,-20.1251,34.9018,0.0381935
-15.2747,-20.2541,34.9223,0.0368555
-15.3205,-20.412,34.9786,0.063899
-15.3377,-20.4561,35,0.0114049
-19.2616,-28.9514,36,1.26611e-25
-13.9706,-18.3866,39.2,5.78924e-26
-1.93984,11.8404,93.8,2.05049e-25
13.042,18.1624,43,0.0219954
50,28.5474,37.6993,2.0674e-25
14.855,19.1117,34.7,0.101723
29.7543,23.8687,30.0638,2.97118e-26
15.9201,20.1789,24.7326,0.228652
15.8953,20.3397,24.5453,0.179818
15.9483,20.5778,24.6114,0.640284
15.9778,20.683,24.7618,0.129305
16.1326,20.8021,24.8929,0.154134
16.3178,20.7647,24.9971,0.195998
16.3274,20.7658,25,0.00522063
30.6464,24.0749,30.4003,2.63485e-26
36.2138,25.3615,32.5,2.87068e-26
13.872,18.597,39.2,5.74451e-26
9.77676,5.04941,93.8,2.27022e-25
12.2029,-0.118021,100.8,1.42147e-25
-19.3519,20.4409,34.7,0.097262
-22.1358,19.7146,35,0.0823676
-24.656,22.8858,24.6062,0.259331
-24.6256,22.7741,24.1996,0.389213
-24.5424,22.5109,24.471,0.252128
-24.3491,22.341,24.7207,0.263718
-24.1303,22.2624,24.9947,0.326603
-24.1296,22.2608,25,0.00336297
-14.7295,18.414,43,0.0320714
-18.3053,17.7427,43.1,0.0686868
-16.8458,19.342,39.2,6.64995e-26
-19.2038,18.2052,41.2,6.25152e-26
8.76866,-8.1374,93.8,2.03834e-25
10.3041,14.663,43,0.0399635
26.3227,50,37.6727,2.24546e-25
11.2179,18.2534,34.6463,1.60384e-27
11.1936,18.2206,34.7311,0.0983994
11.2026,18.2302,34.7,0.0085164
11.1392,18.1355,35,2.9076e-26
17.7797,31.122,28.8467,3.23194e-26
13.9631,22.4357,24.9467,0.052539
13.9551,22.4592,24.8894,0.051264
13.9626,22.5064,24.8413,0.0492958
14.0261,22.5789,24.8133,0.0586804
14.0353,22.6879,24.8379,0.104608
14.0354,22.7543,24.889,0.058078
14.0422,22.7909,24.9427,0.0541621
14.0477,22.8422,24.9691,0.0456209
14.0549,22.8898,24.9979,0.0360538
14.0563,22.8943,25,0.00421616
18.1855,32.0189,29.266,2.87701e-26
21.3158,38.9361,32.5,9.41836e-26
10.7008,16.3124,39.2,5.81521e-26
-1.82107,50,39.9318,7.75082e-26
-5.40457,42.5,36.9317,2.15915e-26
-2.93408,47.6705,39,1.74086e-25
-11.5896,29.5551,31.7536,3.37416e-26
-15.5235,17.484,34.9362,0.0186482
-15.4834,17.5259,34.9184,0.0262879
-15.4349,17.5605,34.9028,0.0235504
-15.3855,17.5895,34.8986,0.0165082
-15.342,17.6124,34.8896,0.0165809
-15.2933,17.6421,34.8577,0.0176711
-15.262,17.636,34.7799,0.0341897
-15.2701,17.6241,34.7144,0.0133953
-15.2722,17.6189,34.7,0.00431589
-19.6304,12.6084,24.9851,0.0127906
-19.6354,12.6164,24.9682,0.0118731
-19.646,12.6302,24.9567,0.0136466
-19.6515,12.6412,24.9778,0.0294555
-19.6573,12.654,24.9869,0.0134769
-19.6597,12.6668,24.9972,0.0142715
-19.6566,12.6716,25,0.004612
-11.2469,30.2725,32.0406,2.6739e-26
-13.6847,12.5872,43.0371,0.0234819
-13.7048,12.6167,43,0.0264034
-14.5685,14.9141,39.2,6.72519e-26
-5.0431,13.3163,93.8,2.05721e-25
-5.45504,13.2786,91.3,5.87773e-26
-14.5864,11.9696,35,2.936e-26
-15.434,11.4807,31.7,9.09044e-26
-14.6304,11.948,34.7,0.0843197
-17.2329,10.4338,24.9806,0.0124975
-17.4271,10.4045,24.6512,0.285964
-17.5879,10.3846,24.1482,0.484193
-17.1306,10.5558,23.9102,1.39621
-17.0017,10.6652,23.9639,0.961004
-17.0024,10.6652,23.9629,0.0438492
-17.0569,10.5834,23.9815,0.0083498
-17.0575,10.5833,23.9818,0.0294943
-16.3784,11.0553,24.9645,0.007947
-16.3785,11.0554,24.9643,0.0130698
-13.4062,12.5488,43.0417,0.011823
-13.4125,12.5457,43,0.0180894
-13.9701,12.2721,39.2,5.872e-26
14.5099,12.8056,43.071,0.131205
14.49,12.8379,43,0.0212905
44.0113,22.0867,0,1.19478e-25
42.3318,18.0207,6,0.0107595
10.9835,17.4094,31.7,6.37171e-26
11.4115,16.9945,34.7,0.123196
10.0379,18.3487,24.9259,0.0690809
10.0594,18.3156,24.8703,0.0508487
10.1071,18.2715,24.8245,0.0544168
10.1769,18.2346,24.7611,0.0611158
10.2165,18.1266,24.6483,0.126841
10.3557,18.0331,24.5393,0.207788
10.4796,17.926,24.346,0.199907
10.1764,17.7982,24.2926,0.369368
10.076,17.8369,24.3375,0.782262
13.0806,14.7409,39.2,6.27807e-26
-7.9163,-50,46.5979,2.60282e-25
-7.64839,-40.0683,38.7,9.35167e-26
-12.5622,-17.6407,43.0391,0.0188345
-12.5738,-17.6571,43,0.0169156
-17.4245,-18.6078,34.9449,0.0197551
-17.4486,-18.6,34.8877,0.0359818
-17.4775,-18.6101,34.8257,0.0173705
-17.4857,-18.6226,34.7706,0.0104692
-17.4292,-18.6422,34.7397,0.0182255
-17.3773,-18.6541,34.7171,0.0169013
-17.357,-18.6621,34.7,0.00955057
-7.2012,-22.7988,24.9901,0.0149636
-7.18949,-22.8159,24.9935,0.0169335
-7.1823,-22.8344,24.997,0.0110744
-7.18367,-22.8404,25,0.00581428
-7.29788,-27.0744,28.367,8.72979e-26
-14.8636,-18.1109,39.2,6.52904e-26
-7.71399,-42.5,40.6337,6.70393e-26
7.8547,8.11228,93.8,1.94273e-25
15.0036,15.0678,43,0.0298229
16.6537,16.1346,34.7,0.0839036
18.2285,18.9681,24.64,0.327532
18.528,19.0092,24.2807,0.350582
18.8529,19.0195,24.0575,0.272462
19.1933,19.2759,24.1832,0.563966
19.2641,19.3701,24.19,0.788687
15.7591,15.5562,39.2,5.86899e-26
-5.6297,-8.29737,93.8,5.71895e-27
-13.6604,-12.7125,43.0399,0.0125961
-13.6742,-12.7185,43,0.011578
-14.6464,-13.1788,34.9343,0.0167181
-14.6559,-13.1976,34.8794,0.015002
-14.6874,-13.2187,34.8299,0.0204322
-14.7287,-13.2448,34.7856,0.0226204
-14.7739,-13.2434,34.7518,0.0179455
-14.8261,-13.2211,34.7279,0.0272922
-14.8653,-13.1878,34.7161,0.0159663
-14.9031,-13.1486,34.7053,0.0176934
-14.9241,-13.1267,34.7,0.00730678
-23.533,-6.02421,33.9654,3.40514e-26
-22.5854,-6.80601,34.0463,2.00777e-25
-30.5278,-0.253361,33.3686,2.714e-25
-42.5,9.62387,32.347,6.95585e-26
-14.1371,-12.9313,39.2,5.71026e-26
-8.81294,10.3803,100.8,2.08266e-25
-15.9452,-15.1829,43.1,0.0584553
-6.34581,-13.5423,44.9,2.99927e-26
-7.34217,-14.3125,41.2,1.10973e-25
-15.5108,-16.1307,35,0.13688
-9.01176,-15.6031,35,2.99927e-26
-9.90041,-16.29,31.7,8.9978e-26
-11.7583,-17.8267,24.6976,0.242041
-11.8261,-18.1133,24.4815,0.241547
-11.9153,-18.4556,24.3784,0.303838
-12.0875,-18.7415,24.3987,0.320192
-12.364,-18.9672,24.4529,0.243611
-12.6106,-19.1898,24.7013,0.393104
-12.8378,-19.3099,24.9827,0.603464
-12.838,-19.306,25,0.00967644
-12.4765,-19.1875,24.3211,0.0083498
-12.4766,-19.1933,24.3214,0.111453
-7.88075,-14.7288,39.2,5.99853e-26
-15.8433,-15.4053,41.2,5.45706e-26
10.414,-17.3902,31.7,8.18852e-26
11.4204,-7.346,93.8,1.9083e-25
11.3952,-7.75725,91.3,5.45229e-26
10.9087,-15.7027,43,0.022389
10.9066,-18.5658,24.9094,0.0733329
10.9662,-18.5655,24.8008,0.089084
10.9881,-18.5789,24.6798,0.153973
10.9891,-18.6238,24.5938,0.0722886
10.9575,-18.6591,24.5479,0.531063
10.5856,-16.2418,39.2,5.45039e-26
10.2286,-16.8376,35,2.7252e-26
10.203,-16.8801,34.7,0.0806059
-1.12302,-0.903183,43,0.0406375
-0.574283,-0.73505,24.6534,0.240192
-0.564534,-0.720022,24.5374,0.0961972
-0.750405,-0.715003,24.2193,0.299309
-0.484812,-1.03832,24.1284,0.348258
-0.0756106,-0.87531,23.9134,0.46062
0.0195046,-0.760016,23.7715,0.996725
0.0230467,-0.763643,23.7804,0.158291
-1.26472,-0.7111,34.7,0.0898311
9.32102,3.55578,98.6123,6.69391e-26
-24.632,-50,48.2071,2.41776e-25
-23.6778,-38.4796,38.7,8.37081e-26
-14.0853,-13.1711,43,0.0205262
-24.0108,-42.5,42.0178,3.42287e-26
-17.3543,-16.9871,34.7,0.211724
-22.9731,-29.9719,31.6792,3.65216e-26
-23.017,-21.311,24.8891,0.12403
-22.9714,-21.382,24.7975,0.0819484
-22.9052,-21.478,24.7511,0.130487
-22.8436,-21.5619,24.6623,0.110062
-22.6768,-21.6566,24.6844,0.159468
-22.5412,-21.7104,24.7804,0.11512
-22.4797,-21.7591,24.8808,0.0830748
-22.4071,-21.7911,24.9565,0.0802615
-22.3015,-21.8683,24.992,0.10672
-22.3027,-21.8782,25,0.00533448
-23.0555,-30.9665,32.5,3.22027e-26
-15.582,-14.9182,39.2,6.35121e-26
-23.9287,-41.509,41.2,8.37081e-26
-2.74192,9.5679,96.9867,1.3361e-25
-7.44581,-50,43.2486,2.81374e-25
-13.3827,-33.3037,38.7,1.97745e-25
-19.6055,-17.535,43.0715,0.00926066
-19.6043,-17.5533,43.0369,0.00790938
-19.5974,-17.569,43.0003,0.0106055
-19.5974,-17.5691,43,8.48211e-05
-10.1127,-42.5,41.2054,7.95449e-28
-18.5057,-19.7006,34.9664,0.0123188
-18.4947,-19.7071,34.9315,0.00964953
-18.469,-19.6925,34.8996,0.0139484
-18.4309,-19.6804,34.8569,0.0181992
-18.3514,-19.6454,34.8653,0.0412502
-18.2727,-19.6261,34.8583,0.0321407
-18.2288,-19.655,34.9138,0.0320764
-18.2144,-19.6684,34.9546,0.0143523
-18.2081,-19.693,34.9804,0.0123547
-18.212,-19.7224,35,0.0135001
-19.0836,-18.5746,39.2,6.38157e-26
-10.1197,-42.4802,41.2,2.95089e-25
7.01427,7.69813,93.8,5.49037e-26
13.9214,17.9219,43,0.02637
16.3513,19.8406,34.7,0.140928
19.2896,23.0387,24.7272,0.222839
19.3487,23.337,24.3822,0.367717
19.409,23.5605,23.9843,0.369697
19.5161,23.7274,23.5284,0.398722
19.6144,23.719,23.2421,0.326982
19.6732,23.733,23.1679,0.68291
15.0339,18.8004,39.2,6.13585e-26
-3.30449,-13.4368,93.8,2.04086e-25
-38.9423,-2.29953,38.7,9.67686e-26
-3.89395,-13.3228,91.3,5.83102e-26
-15.2823,-11.121,43,0.0254119
-42.5,-0.493523,41.3619,7.83421e-27
-16.9101,-10.7025,34.7,0.0860035
-16.8512,-10.7177,35,2.89128e-26
-29.7069,-6.98771,31.79,1.32701e-25
-17.7858,-10.9125,31.7,8.86397e-26
-19.7654,-11.386,24.9426,0.0453365
-20.0538,-11.4544,24.942,0.30072
-20.347,-11.5696,24.9955,0.334458
-20.6302,-11.5953,24.9989,0.235611
-20.6319,-11.5945,25,0.00200146
-16.0275,-10.9294,39.2,5.78257e-26
-42.2836,-0.603377,41.2,9.67686e-26
-12.4761,-13.9506,43,0.0897227
-13.0407,-17.0206,34.7,0.0803251
-13.1509,-19.8085,24.8561,0.120046
-13.1257,-19.8255,24.7685,0.0590335
-12.8312,-19.8793,24.7225,0.36971
-12.8212,-19.8694,24.7369,0.242415
-12.7346,-15.3561,39.2,6.05469e-26
1.45849,2.33578,43,0.0342084
-0.00592464,-2.88248,24.9726,0.0137962
-0.0295182,-2.9118,24.9509,0.0343474
-0.0538117,-2.93077,24.9255,0.0295272
-0.0812622,-2.93846,24.8955,0.0418111
-0.13544,-2.93344,24.8877,0.0444934
-0.146906,-2.9262,24.8912,0.00564995
-0.147368,-2.9257,24.8909,0.0313665
0.64207,1.22089,34.8753,0.0402235
0.623359,1.2037,34.7338,0.0579814
0.620905,1.19242,34.7,0.0130496
-46.9765,-1.71583,38.7,1.19107e-25
-20.7706,13.6112,34.7,0.119175
-23.834,15.0587,24.6832,0.290696
-24.125,14.8957,24.4241,0.272567
-24.3676,14.7267,24.2487,0.273406
-24.7513,14.6765,24.2613,0.298034
-25,14.6303,24.2807,0.1863
-30.0797,10.852,27.6136,6.63161e-26
-37.5271,5.31264,32.5,5.96704e-26
-18.1197,12.2693,43,0.0410323
-19.3333,12.8837,39.2,6.03914e-26
-50.7868,-4.54989,41.2,1.19107e-25
10.7432,3.32033,93.8,2.12569e-25
17.6097,-11.721,43,0.0943746
21.5124,-17.7365,24.5387,0.382955
21.4733,-17.6818,24.3478,0.144776
21.5603,-17.6246,23.812,0.41613
21.5915,-17.6169,23.67,0.112714
21.9264,-17.6047,23.1613,0.543282
21.9268,-17.6046,23.1608,0.0294274
21.62,-17.5942,23.5278,0.007947
21.6206,-17.5939,23.5274,0.0326092
21.3814,-17.5079,23.7932,0.0083498
21.3806,-17.507,23.7929,0.0415092
18.2738,-12.9449,39.2,6.14289e-26
19.0602,-14.3941,34.7,0.0872711
2.01168,-9.78942,94.3487,2.0462e-25
49.8158,-50,35.5826,5.05873e-25
-15.0663,-11.6451,43.0587,0.0156285
-15.0514,-11.6681,43.0293,0.0131057
-15.0387,-11.6911,43.0057,0.0108739
-15.0362,-11.6983,43,0.00238331
-10.3851,-18.8615,34.9811,0.010876
-10.37,-18.8916,34.9732,0.00817438
-10.3537,-18.9256,34.9698,0.0228737
-10.3337,-18.9526,34.9641,0.036351
-10.3145,-18.9806,34.9512,0.0109606
-10.2871,-18.9948,34.9456,0.0131048
-10.2852,-18.9959,34.9455,0.000650904
-10.3968,-18.8363,35,4.48858e-26
-5.58446,-21.4208,34.9953,3.2833e-26
-12.8325,-15.0889,39.2,8.97716e-26
6.56279,-27.6872,35.1241,1.41097e-25
0.578461,10.1942,93.8,1.97088e-25
-0.594638,-3.21137,43.0119,0.0208772
-0.595199,-3.21278,43,0.00271833
50,-42.7156,35.1147,2.67604e-25
-0.326185,-4.24239,24.9772,0.0160288
-0.306797,-4.23393,24.9756,0.017943
-0.284966,-4.22994,24.9733,0.0113438
-0.266159,-4.22014,24.9822,0.0128847
-0.245847,-4.2183,24.9919,0.0128912
-0.23223,-4.21607,25,0.0124139
8.42229,-10.8492,26.7427,4.60716e-26
29.0534,-26.6615,30.8969,3.1041e-26
37.0147,-32.7632,32.5,2.03418e-25
28.2414,-26.0391,30.7334,3.00907e-26
-0.546712,-3.90601,34.9125,0.0273858
-0.519468,-3.92096,34.8354,0.0280852
-0.521528,-3.95996,34.7507,0.226736
-0.519397,-3.9783,34.7,0.0156951
-0.555417,-3.88314,35,1.85289e-26
-0.461151,-4.06221,31.7,8.70093e-26
-50,-32.6098,32.3688,2.19747e-25
-21.7621,-17.4117,43,0.0865057
-25.8095,-17.5545,34.7706,0.0739015
-25.9449,-17.6075,34.7105,0.0457703
-25.6507,-17.5226,35,2.95361e-26
-30.8223,-20.6494,34.2357,2.81779e-26
-29.878,-20.0605,34.3276,1.20075e-25
-23.6092,-17.4644,39.2,5.90722e-26
16.8942,-12.4223,43,0.0346422
24.1419,-19.1847,24.3292,0.576143
23.8763,-19.4874,23.9343,0.359444
23.8165,-19.6916,23.6484,0.348133
23.74,-19.9308,23.6407,0.160443
23.7062,-20.2266,23.7104,1.20016
23.7212,-20.2436,23.6895,0.319744
18.617,-13.8855,39.2,6.79563e-26
20.6572,-15.6183,34.7,0.0826376
-10.3298,-9.05652,93.8,2.04736e-25
-0.249979,0.741379,43,0.0346719
-9.83372,-8.57434,91.3,5.84959e-26
4.41703,4.58258,24.8795,0.0786217
4.42528,4.52374,24.7329,0.193757
4.41089,4.50074,24.7228,0.306702
2.1553,1.8904,34.7,0.101782
8.43743,5.47443,93.8,9.22427e-27
15.12,16.2276,43.0227,0.0263613
15.1249,16.2359,43,0.00629419
25.6448,50,30.4997,2.12928e-25
18.5606,30.0461,33.3389,1.58415e-25
15.1303,20.3977,34.944,0.0179228
15.1363,20.4256,34.8807,0.0213477
15.1575,20.4352,34.8044,0.0295743
15.1608,20.4436,34.7413,0.013465
15.1644,20.4801,34.7,0.0164788
15.1505,20.4646,34.7609,0.0018285
15.1504,20.4648,34.761,0.00729693
18.9268,31.0777,33.1921,2.98702e-26
22.9821,42.5,31.5669,1.97718e-25
15.1225,18.1952,39.2,6.2473e-26
1.67078,12.9794,93.8,2.07875e-25
11.0622,18.8611,43,0.0295337
2.13296,13.2688,91.3,5.93928e-26
12.9417,20.0057,34.7,0.088941
14.8492,22.15,24.4727,0.427909
14.862,22.1626,24.4691,0.0091081
14.8917,22.6019,24.1818,0.466852
14.7342,22.4768,23.7927,0.380999
14.7869,22.2963,23.7904,0.958758
14.789,22.2948,23.7838,0.125396
11.9227,19.3851,39.2,6.00106e-26
